Theta, Alpha, Low_beta, High_beta, Gamma
32513,13470.4,24649.6,12119.4,13938.5,
17866.9,25727.6,18817.6,22774.8,21460.3,
32513,13470.4,24649.6,12119.4,13938.5,
17866.9,25727.6,18817.6,22774.8,21460.3,
32513,13470.4,24649.6,12119.4,13938.5,
17866.9,25727.6,18817.6,22774.8,21460.3,
21995,8369.67,14262.9,8275.77,9478.33,
12636.5,18619.7,15792.8,15902.4,15857.6,
21995,8369.67,14262.9,8275.77,9478.33,
12636.5,18619.7,15792.8,15902.4,15857.6,
21995,8369.67,14262.9,8275.77,9478.33,
12636.5,18619.7,15792.8,15902.4,15857.6,
21995,8369.67,14262.9,8275.77,9478.33,
12636.5,18619.7,15792.8,15902.4,15857.6,
21995,8369.67,14262.9,8275.77,9478.33,
12636.5,18619.7,15792.8,15902.4,15857.6,
21995,8369.67,14262.9,8275.77,9478.33,
12636.5,18619.7,15792.8,15902.4,15857.6,
21995,8369.67,14262.9,8275.77,9478.33,
12636.5,18619.7,15792.8,15902.4,15857.6,
21995,8369.67,14262.9,8275.77,9478.33,
12636.5,18619.7,15792.8,15902.4,15857.6,
21995,8369.67,14262.9,8275.77,9478.33,
12636.5,18619.7,15792.8,15902.4,15857.6,
21995,8369.67,14262.9,8275.77,9478.33,
12636.5,18619.7,15792.8,15902.4,15857.6,
21995,8369.67,14262.9,8275.77,9478.33,
12636.5,18619.7,15792.8,15902.4,15857.6,
21995,8369.67,14262.9,8275.77,9478.33,
12636.5,18619.7,15792.8,15902.4,15857.6,
21995,8369.67,14262.9,8275.77,9478.33,
12636.5,18619.7,15792.8,15902.4,15857.6,
21995,8369.67,14262.9,8275.77,9478.33,
12636.5,18619.7,15792.8,15902.4,15857.6,
21995,8369.67,14262.9,8275.77,9478.33,
12636.5,18619.7,15792.8,15902.4,15857.6,
21995,8369.67,14262.9,8275.77,9478.33,
12636.5,18619.7,15792.8,15902.4,15857.6,
21995,8369.67,14262.9,8275.77,9478.33,
12636.5,18619.7,15792.8,15902.4,15857.6,
21995,8369.67,14262.9,8275.77,9478.33,
12636.5,18619.7,15792.8,15902.4,15857.6,
21995,8369.67,14262.9,8275.77,9478.33,
12636.5,18619.7,15792.8,15902.4,15857.6,
21995,8369.67,14262.9,8275.77,9478.33,
12636.5,18619.7,15792.8,15902.4,15857.6,
21995,8369.67,14262.9,8275.77,9478.33,
12636.5,18619.7,15792.8,15902.4,15857.6,
21995,8369.67,14262.9,8275.77,9478.33,
12636.5,18619.7,15792.8,15902.4,15857.6,
21995,8369.67,14262.9,8275.77,9478.33,
12636.5,18619.7,15792.8,15902.4,15857.6,
21995,8369.67,14262.9,8275.77,9478.33,
12636.5,18619.7,15792.8,15902.4,15857.6,
21995,8369.67,14262.9,8275.77,9478.33,
12636.5,18619.7,15792.8,15902.4,15857.6,
12644.8,4823.89,6842.07,4976.2,5819.11,
8169.8,11847,11729.4,9846.23,10486.2,
12644.8,4823.89,6842.07,4976.2,5819.11,
8169.8,11847,11729.4,9846.23,10486.2,
12644.8,4823.89,6842.07,4976.2,5819.11,
8169.8,11847,11729.4,9846.23,10486.2,
12644.8,4823.89,6842.07,4976.2,5819.11,
8169.8,11847,11729.4,9846.23,10486.2,
12644.8,4823.89,6842.07,4976.2,5819.11,
8169.8,11847,11729.4,9846.23,10486.2,
12644.8,4823.89,6842.07,4976.2,5819.11,
8169.8,11847,11729.4,9846.23,10486.2,
12644.8,4823.89,6842.07,4976.2,5819.11,
8169.8,11847,11729.4,9846.23,10486.2,
12644.8,4823.89,6842.07,4976.2,5819.11,
8169.8,11847,11729.4,9846.23,10486.2,
12644.8,4823.89,6842.07,4976.2,5819.11,
8169.8,11847,11729.4,9846.23,10486.2,
12644.8,4823.89,6842.07,4976.2,5819.11,
8169.8,11847,11729.4,9846.23,10486.2,
12644.8,4823.89,6842.07,4976.2,5819.11,
8169.8,11847,11729.4,9846.23,10486.2,
12644.8,4823.89,6842.07,4976.2,5819.11,
8169.8,11847,11729.4,9846.23,10486.2,
12644.8,4823.89,6842.07,4976.2,5819.11,
8169.8,11847,11729.4,9846.23,10486.2,
12644.8,4823.89,6842.07,4976.2,5819.11,
8169.8,11847,11729.4,9846.23,10486.2,
12644.8,4823.89,6842.07,4976.2,5819.11,
8169.8,11847,11729.4,9846.23,10486.2,
12644.8,4823.89,6842.07,4976.2,5819.11,
8169.8,11847,11729.4,9846.23,10486.2,
12644.8,4823.89,6842.07,4976.2,5819.11,
8169.8,11847,11729.4,9846.23,10486.2,
12644.8,4823.89,6842.07,4976.2,5819.11,
8169.8,11847,11729.4,9846.23,10486.2,
12644.8,4823.89,6842.07,4976.2,5819.11,
8169.8,11847,11729.4,9846.23,10486.2,
12644.8,4823.89,6842.07,4976.2,5819.11,
8169.8,11847,11729.4,9846.23,10486.2,
12644.8,4823.89,6842.07,4976.2,5819.11,
8169.8,11847,11729.4,9846.23,10486.2,
12644.8,4823.89,6842.07,4976.2,5819.11,
8169.8,11847,11729.4,9846.23,10486.2,
12644.8,4823.89,6842.07,4976.2,5819.11,
8169.8,11847,11729.4,9846.23,10486.2,
12644.8,4823.89,6842.07,4976.2,5819.11,
8169.8,11847,11729.4,9846.23,10486.2,
6242.24,2412.63,2715.93,2593.81,3139.13,
4557.67,6498.2,7487.76,5466.36,6014.68,
6242.24,2412.63,2715.93,2593.81,3139.13,
4557.67,6498.2,7487.76,5466.36,6014.68,
6242.24,2412.63,2715.93,2593.81,3139.13,
4557.67,6498.2,7487.76,5466.36,6014.68,
6242.24,2412.63,2715.93,2593.81,3139.13,
4557.67,6498.2,7487.76,5466.36,6014.68,
6242.24,2412.63,2715.93,2593.81,3139.13,
4557.67,6498.2,7487.76,5466.36,6014.68,
6242.24,2412.63,2715.93,2593.81,3139.13,
4557.67,6498.2,7487.76,5466.36,6014.68,
6242.24,2412.63,2715.93,2593.81,3139.13,
4557.67,6498.2,7487.76,5466.36,6014.68,
6242.24,2412.63,2715.93,2593.81,3139.13,
4557.67,6498.2,7487.76,5466.36,6014.68,
6242.24,2412.63,2715.93,2593.81,3139.13,
4557.67,6498.2,7487.76,5466.36,6014.68,
6242.24,2412.63,2715.93,2593.81,3139.13,
4557.67,6498.2,7487.76,5466.36,6014.68,
6242.24,2412.63,2715.93,2593.81,3139.13,
4557.67,6498.2,7487.76,5466.36,6014.68,
6242.24,2412.63,2715.93,2593.81,3139.13,
4557.67,6498.2,7487.76,5466.36,6014.68,
6242.24,2412.63,2715.93,2593.81,3139.13,
4557.67,6498.2,7487.76,5466.36,6014.68,
6242.24,2412.63,2715.93,2593.81,3139.13,
4557.67,6498.2,7487.76,5466.36,6014.68,
6242.24,2412.63,2715.93,2593.81,3139.13,
4557.67,6498.2,7487.76,5466.36,6014.68,
6242.24,2412.63,2715.93,2593.81,3139.13,
4557.67,6498.2,7487.76,5466.36,6014.68,
6242.24,2412.63,2715.93,2593.81,3139.13,
4557.67,6498.2,7487.76,5466.36,6014.68,
6242.24,2412.63,2715.93,2593.81,3139.13,
4557.67,6498.2,7487.76,5466.36,6014.68,
6242.24,2412.63,2715.93,2593.81,3139.13,
4557.67,6498.2,7487.76,5466.36,6014.68,
6242.24,2412.63,2715.93,2593.81,3139.13,
4557.67,6498.2,7487.76,5466.36,6014.68,
6242.24,2412.63,2715.93,2593.81,3139.13,
4557.67,6498.2,7487.76,5466.36,6014.68,
6242.24,2412.63,2715.93,2593.81,3139.13,
4557.67,6498.2,7487.76,5466.36,6014.68,
6242.24,2412.63,2715.93,2593.81,3139.13,
4557.67,6498.2,7487.76,5466.36,6014.68,
6242.24,2412.63,2715.93,2593.81,3139.13,
4557.67,6498.2,7487.76,5466.36,6014.68,
2463,1142.52,954.38,1160.88,1411.11,
2221.42,3060.37,3989.75,2673.98,2920.89,
2463,1142.52,954.38,1160.88,1411.11,
2221.42,3060.37,3989.75,2673.98,2920.89,
2463,1142.52,954.38,1160.88,1411.11,
2221.42,3060.37,3989.75,2673.98,2920.89,
2463,1142.52,954.38,1160.88,1411.11,
2221.42,3060.37,3989.75,2673.98,2920.89,
2463,1142.52,954.38,1160.88,1411.11,
2221.42,3060.37,3989.75,2673.98,2920.89,
2463,1142.52,954.38,1160.88,1411.11,
2221.42,3060.37,3989.75,2673.98,2920.89,
2463,1142.52,954.38,1160.88,1411.11,
2221.42,3060.37,3989.75,2673.98,2920.89,
2463,1142.52,954.38,1160.88,1411.11,
2221.42,3060.37,3989.75,2673.98,2920.89,
2463,1142.52,954.38,1160.88,1411.11,
2221.42,3060.37,3989.75,2673.98,2920.89,
2463,1142.52,954.38,1160.88,1411.11,
2221.42,3060.37,3989.75,2673.98,2920.89,
2463,1142.52,954.38,1160.88,1411.11,
2221.42,3060.37,3989.75,2673.98,2920.89,
2463,1142.52,954.38,1160.88,1411.11,
2221.42,3060.37,3989.75,2673.98,2920.89,
2463,1142.52,954.38,1160.88,1411.11,
2221.42,3060.37,3989.75,2673.98,2920.89,
2463,1142.52,954.38,1160.88,1411.11,
2221.42,3060.37,3989.75,2673.98,2920.89,
2463,1142.52,954.38,1160.88,1411.11,
2221.42,3060.37,3989.75,2673.98,2920.89,
2463,1142.52,954.38,1160.88,1411.11,
2221.42,3060.37,3989.75,2673.98,2920.89,
2463,1142.52,954.38,1160.88,1411.11,
2221.42,3060.37,3989.75,2673.98,2920.89,
2463,1142.52,954.38,1160.88,1411.11,
2221.42,3060.37,3989.75,2673.98,2920.89,
2463,1142.52,954.38,1160.88,1411.11,
2221.42,3060.37,3989.75,2673.98,2920.89,
2463,1142.52,954.38,1160.88,1411.11,
2221.42,3060.37,3989.75,2673.98,2920.89,
2463,1142.52,954.38,1160.88,1411.11,
2221.42,3060.37,3989.75,2673.98,2920.89,
2463,1142.52,954.38,1160.88,1411.11,
2221.42,3060.37,3989.75,2673.98,2920.89,
2463,1142.52,954.38,1160.88,1411.11,
2221.42,3060.37,3989.75,2673.98,2920.89,
2463,1142.52,954.38,1160.88,1411.11,
2221.42,3060.37,3989.75,2673.98,2920.89,
2463,1142.52,954.38,1160.88,1411.11,
2221.42,3060.37,3989.75,2673.98,2920.89,
2463,1142.52,954.38,1160.88,1411.11,
2221.42,3060.37,3989.75,2673.98,2920.89,
846.649,459.78,237.667,460.485,544.012,
845.902,1209.97,1718.81,1045.16,1170.63,
846.649,459.78,237.667,460.485,544.012,
845.902,1209.97,1718.81,1045.16,1170.63,
846.649,459.78,237.667,460.485,544.012,
845.902,1209.97,1718.81,1045.16,1170.63,
846.649,459.78,237.667,460.485,544.012,
845.902,1209.97,1718.81,1045.16,1170.63,
846.649,459.78,237.667,460.485,544.012,
845.902,1209.97,1718.81,1045.16,1170.63,
846.649,459.78,237.667,460.485,544.012,
845.902,1209.97,1718.81,1045.16,1170.63,
846.649,459.78,237.667,460.485,544.012,
845.902,1209.97,1718.81,1045.16,1170.63,
846.649,459.78,237.667,460.485,544.012,
845.902,1209.97,1718.81,1045.16,1170.63,
846.649,459.78,237.667,460.485,544.012,
845.902,1209.97,1718.81,1045.16,1170.63,
846.649,459.78,237.667,460.485,544.012,
845.902,1209.97,1718.81,1045.16,1170.63,
846.649,459.78,237.667,460.485,544.012,
845.902,1209.97,1718.81,1045.16,1170.63,
846.649,459.78,237.667,460.485,544.012,
845.902,1209.97,1718.81,1045.16,1170.63,
846.649,459.78,237.667,460.485,544.012,
845.902,1209.97,1718.81,1045.16,1170.63,
846.649,459.78,237.667,460.485,544.012,
845.902,1209.97,1718.81,1045.16,1170.63,
846.649,459.78,237.667,460.485,544.012,
845.902,1209.97,1718.81,1045.16,1170.63,
846.649,459.78,237.667,460.485,544.012,
845.902,1209.97,1718.81,1045.16,1170.63,
846.649,459.78,237.667,460.485,544.012,
845.902,1209.97,1718.81,1045.16,1170.63,
846.649,459.78,237.667,460.485,544.012,
845.902,1209.97,1718.81,1045.16,1170.63,
846.649,459.78,237.667,460.485,544.012,
272.141,363.14,597.234,381.162,361.302,
189.004,161.669,52.2723,116.462,181.173,
272.141,363.14,597.234,381.162,361.302,
189.004,161.669,52.2723,116.462,181.173,
272.141,363.14,597.234,381.162,361.302,
189.004,161.669,52.2723,116.462,181.173,
272.141,363.14,597.234,381.162,361.302,
189.004,161.669,52.2723,116.462,181.173,
272.141,363.14,597.234,381.162,361.302,
189.004,161.669,52.2723,116.462,181.173,
272.141,363.14,597.234,381.162,361.302,
189.004,161.669,52.2723,116.462,181.173,
272.141,363.14,597.234,381.162,361.302,
189.004,161.669,52.2723,116.462,181.173,
272.141,363.14,597.234,381.162,361.302,
189.004,161.669,52.2723,116.462,181.173,
272.141,363.14,597.234,381.162,361.302,
189.004,161.669,52.2723,116.462,181.173,
272.141,363.14,597.234,381.162,361.302,
189.004,161.669,52.2723,116.462,181.173,
272.141,363.14,597.234,381.162,361.302,
189.004,161.669,52.2723,116.462,181.173,
272.141,363.14,597.234,381.162,361.302,
189.004,161.669,52.2723,116.462,181.173,
272.141,363.14,597.234,381.162,361.302,
189.004,161.669,52.2723,116.462,181.173,
272.141,363.14,597.234,381.162,361.302,
189.004,161.669,52.2723,116.462,181.173,
272.141,363.14,597.234,381.162,361.302,
189.004,161.669,52.2723,116.462,181.173,
272.141,363.14,597.234,381.162,361.302,
189.004,161.669,52.2723,116.462,181.173,
272.141,363.14,597.234,381.162,361.302,
189.004,161.669,52.2723,116.462,181.173,
272.141,363.14,597.234,381.162,361.302,
189.004,161.669,52.2723,116.462,181.173,
272.141,363.14,597.234,381.162,361.302,
189.004,161.669,52.2723,116.462,181.173,
272.141,363.14,597.234,381.162,361.302,
189.004,161.669,52.2723,116.462,181.173,
272.141,363.14,597.234,381.162,361.302,
189.004,161.669,52.2723,116.462,181.173,
272.141,363.14,597.234,381.162,361.302,
189.004,161.669,52.2723,116.462,181.173,
272.141,363.14,597.234,381.162,361.302,
189.004,161.669,52.2723,116.462,181.173,
272.141,363.14,597.234,381.162,361.302,
189.004,161.669,52.2723,116.462,181.173,
272.141,363.14,597.234,381.162,361.302,
189.004,161.669,52.2723,116.462,181.173,
272.141,363.14,597.234,381.162,361.302,
28.6708,54.1483,10.5113,30.8572,32.9653,
79.4442,66.368,156.936,98.9314,97.9301,
28.6708,54.1483,10.5113,30.8572,32.9653,
79.4442,66.368,156.936,98.9314,97.9301,
28.6708,54.1483,10.5113,30.8572,32.9653,
79.4442,66.368,156.936,98.9314,97.9301,
28.6708,54.1483,10.5113,30.8572,32.9653,
79.4442,66.368,156.936,98.9314,97.9301,
28.6708,54.1483,10.5113,30.8572,32.9653,
79.4442,66.368,156.936,98.9314,97.9301,
28.6708,54.1483,10.5113,30.8572,32.9653,
79.4442,66.368,156.936,98.9314,97.9301,
28.6708,54.1483,10.5113,30.8572,32.9653,
79.4442,66.368,156.936,98.9314,97.9301,
28.6708,54.1483,10.5113,30.8572,32.9653,
79.4442,66.368,156.936,98.9314,97.9301,
28.6708,54.1483,10.5113,30.8572,32.9653,
79.4442,66.368,156.936,98.9314,97.9301,
28.6708,54.1483,10.5113,30.8572,32.9653,
79.4442,66.368,156.936,98.9314,97.9301,
28.6708,54.1483,10.5113,30.8572,32.9653,
79.4442,66.368,156.936,98.9314,97.9301,
28.6708,54.1483,10.5113,30.8572,32.9653,
79.4442,66.368,156.936,98.9314,97.9301,
28.6708,54.1483,10.5113,30.8572,32.9653,
79.4442,66.368,156.936,98.9314,97.9301,
28.6708,54.1483,10.5113,30.8572,32.9653,
79.4442,66.368,156.936,98.9314,97.9301,
28.6708,54.1483,10.5113,30.8572,32.9653,
79.4442,66.368,156.936,98.9314,97.9301,
28.6708,54.1483,10.5113,30.8572,32.9653,
79.4442,66.368,156.936,98.9314,97.9301,
28.6708,54.1483,10.5113,30.8572,32.9653,
79.4442,66.368,156.936,98.9314,97.9301,
28.6708,54.1483,10.5113,30.8572,32.9653,
79.4442,66.368,156.936,98.9314,97.9301,
28.6708,54.1483,10.5113,30.8572,32.9653,
79.4442,66.368,156.936,98.9314,97.9301,
28.6708,54.1483,10.5113,30.8572,32.9653,
79.4442,66.368,156.936,98.9314,97.9301,
28.6708,54.1483,10.5113,30.8572,32.9653,
79.4442,66.368,156.936,98.9314,97.9301,
28.6708,54.1483,10.5113,30.8572,32.9653,
79.4442,66.368,156.936,98.9314,97.9301,
28.6708,54.1483,10.5113,30.8572,32.9653,
79.4442,66.368,156.936,98.9314,97.9301,
28.6708,54.1483,10.5113,30.8572,32.9653,
79.4442,66.368,156.936,98.9314,97.9301,
28.6708,54.1483,10.5113,30.8572,32.9653,
79.4442,66.368,156.936,98.9314,97.9301,
2.81004,3.64512,4.04874,2.98555,5.85328,
23.6801,27.8181,30.8402,32.0563,14.2252,
2.81004,3.64512,4.04874,2.98555,5.85328,
23.6801,27.8181,30.8402,32.0563,14.2252,
2.81004,3.64512,4.04874,2.98555,5.85328,
23.6801,27.8181,30.8402,32.0563,14.2252,
2.81004,3.64512,4.04874,2.98555,5.85328,
23.6801,27.8181,30.8402,32.0563,14.2252,
2.81004,3.64512,4.04874,2.98555,5.85328,
23.6801,27.8181,30.8402,32.0563,14.2252,
2.81004,3.64512,4.04874,2.98555,5.85328,
23.6801,27.8181,30.8402,32.0563,14.2252,
2.81004,3.64512,4.04874,2.98555,5.85328,
23.6801,27.8181,30.8402,32.0563,14.2252,
2.81004,3.64512,4.04874,2.98555,5.85328,
23.6801,27.8181,30.8402,32.0563,14.2252,
2.81004,3.64512,4.04874,2.98555,5.85328,
23.6801,27.8181,30.8402,32.0563,14.2252,
2.81004,3.64512,4.04874,2.98555,5.85328,
23.6801,27.8181,30.8402,32.0563,14.2252,
2.81004,3.64512,4.04874,2.98555,5.85328,
23.6801,27.8181,30.8402,32.0563,14.2252,
2.81004,3.64512,4.04874,2.98555,5.85328,
23.6801,27.8181,30.8402,32.0563,14.2252,
2.81004,3.64512,4.04874,2.98555,5.85328,
23.6801,27.8181,30.8402,32.0563,14.2252,
2.81004,3.64512,4.04874,2.98555,5.85328,
23.6801,27.8181,30.8402,32.0563,14.2252,
2.81004,3.64512,4.04874,2.98555,5.85328,
23.6801,27.8181,30.8402,32.0563,14.2252,
2.81004,3.64512,4.04874,2.98555,5.85328,
23.6801,27.8181,30.8402,32.0563,14.2252,
2.81004,3.64512,4.04874,2.98555,5.85328,
23.6801,27.8181,30.8402,32.0563,14.2252,
2.81004,3.64512,4.04874,2.98555,5.85328,
23.6801,27.8181,30.8402,32.0563,14.2252,
2.81004,3.64512,4.04874,2.98555,5.85328,
23.6801,27.8181,30.8402,32.0563,14.2252,
2.81004,3.64512,4.04874,2.98555,5.85328,
23.6801,27.8181,30.8402,32.0563,14.2252,
2.81004,3.64512,4.04874,2.98555,5.85328,
23.6801,27.8181,30.8402,32.0563,14.2252,
2.81004,3.64512,4.04874,2.98555,5.85328,
23.6801,27.8181,30.8402,32.0563,14.2252,
2.81004,3.64512,4.04874,2.98555,5.85328,
23.6801,27.8181,30.8402,32.0563,14.2252,
2.81004,3.64512,4.04874,2.98555,5.85328,
23.6801,27.8181,30.8402,32.0563,14.2252,
2.81004,3.64512,4.04874,2.98555,5.85328,
23.6801,27.8181,30.8402,32.0563,14.2252,
0.742031,0.636381,1.20664,0.59968,0.873578,
0.470535,0.880965,0.609296,0.749509,0.97336,
0.742031,0.636381,1.20664,0.59968,0.873578,
0.470535,0.880965,0.609296,0.749509,0.97336,
0.742031,0.636381,1.20664,0.59968,0.873578,
0.470535,0.880965,0.609296,0.749509,0.97336,
0.742031,0.636381,1.20664,0.59968,0.873578,
0.470535,0.880965,0.609296,0.749509,0.97336,
0.742031,0.636381,1.20664,0.59968,0.873578,
0.470535,0.880965,0.609296,0.749509,0.97336,
0.742031,0.636381,1.20664,0.59968,0.873578,
0.470535,0.880965,0.609296,0.749509,0.97336,
0.742031,0.636381,1.20664,0.59968,0.873578,
0.470535,0.880965,0.609296,0.749509,0.97336,
0.742031,0.636381,1.20664,0.59968,0.873578,
0.470535,0.880965,0.609296,0.749509,0.97336,
0.742031,0.636381,1.20664,0.59968,0.873578,
0.470535,0.880965,0.609296,0.749509,0.97336,
0.742031,0.636381,1.20664,0.59968,0.873578,
0.470535,0.880965,0.609296,0.749509,0.97336,
0.742031,0.636381,1.20664,0.59968,0.873578,
0.470535,0.880965,0.609296,0.749509,0.97336,
0.742031,0.636381,1.20664,0.59968,0.873578,
0.470535,0.880965,0.609296,0.749509,0.97336,
0.742031,0.636381,1.20664,0.59968,0.873578,
0.470535,0.880965,0.609296,0.749509,0.97336,
0.742031,0.636381,1.20664,0.59968,0.873578,
0.470535,0.880965,0.609296,0.749509,0.97336,
0.742031,0.636381,1.20664,0.59968,0.873578,
0.470535,0.880965,0.609296,0.749509,0.97336,
0.742031,0.636381,1.20664,0.59968,0.873578,
0.470535,0.880965,0.609296,0.749509,0.97336,
0.742031,0.636381,1.20664,0.59968,0.873578,
0.470535,0.880965,0.609296,0.749509,0.97336,
0.742031,0.636381,1.20664,0.59968,0.873578,
0.470535,0.880965,0.609296,0.749509,0.97336,
0.742031,0.636381,1.20664,0.59968,0.873578,
0.470535,0.880965,0.609296,0.749509,0.97336,
0.742031,0.636381,1.20664,0.59968,0.873578,
0.470535,0.880965,0.609296,0.749509,0.97336,
0.742031,0.636381,1.20664,0.59968,0.873578,
0.470535,0.880965,0.609296,0.749509,0.97336,
0.742031,0.636381,1.20664,0.59968,0.873578,
0.470535,0.880965,0.609296,0.749509,0.97336,
0.742031,0.636381,1.20664,0.59968,0.873578,
0.470535,0.880965,0.609296,0.749509,0.97336,
0.742031,0.636381,1.20664,0.59968,0.873578,
0.470535,0.880965,0.609296,0.749509,0.97336,
0.693061,0.69648,1.15898,0.666075,0.934597,
0.514343,1.00366,0.574177,0.778658,1.07238,
0.693061,0.69648,1.15898,0.666075,0.934597,
0.514343,1.00366,0.574177,0.778658,1.07238,
0.693061,0.69648,1.15898,0.666075,0.934597,
0.514343,1.00366,0.574177,0.778658,1.07238,
0.693061,0.69648,1.15898,0.666075,0.934597,
0.514343,1.00366,0.574177,0.778658,1.07238,
0.693061,0.69648,1.15898,0.666075,0.934597,
0.514343,1.00366,0.574177,0.778658,1.07238,
0.693061,0.69648,1.15898,0.666075,0.934597,
0.514343,1.00366,0.574177,0.778658,1.07238,
0.693061,0.69648,1.15898,0.666075,0.934597,
0.514343,1.00366,0.574177,0.778658,1.07238,
0.693061,0.69648,1.15898,0.666075,0.934597,
0.514343,1.00366,0.574177,0.778658,1.07238,
0.693061,0.69648,1.15898,0.666075,0.934597,
0.514343,1.00366,0.574177,0.778658,1.07238,
0.693061,0.69648,1.15898,0.666075,0.934597,
0.514343,1.00366,0.574177,0.778658,1.07238,
0.693061,0.69648,1.15898,0.666075,0.934597,
0.514343,1.00366,0.574177,0.778658,1.07238,
0.693061,0.69648,1.15898,0.666075,0.934597,
0.514343,1.00366,0.574177,0.778658,1.07238,
0.693061,0.69648,1.15898,0.666075,0.934597,
0.514343,1.00366,0.574177,0.778658,1.07238,
0.693061,0.69648,1.15898,0.666075,0.934597,
0.514343,1.00366,0.574177,0.778658,1.07238,
0.693061,0.69648,1.15898,0.666075,0.934597,
0.514343,1.00366,0.574177,0.778658,1.07238,
0.693061,0.69648,1.15898,0.666075,0.934597,
0.514343,1.00366,0.574177,0.778658,1.07238,
0.693061,0.69648,1.15898,0.666075,0.934597,
0.514343,1.00366,0.574177,0.778658,1.07238,
0.693061,0.69648,1.15898,0.666075,0.934597,
0.514343,1.00366,0.574177,0.778658,1.07238,
0.693061,0.69648,1.15898,0.666075,0.934597,
0.514343,1.00366,0.574177,0.778658,1.07238,
0.693061,0.69648,1.15898,0.666075,0.934597,
0.514343,1.00366,0.574177,0.778658,1.07238,
0.693061,0.69648,1.15898,0.666075,0.934597,
0.514343,1.00366,0.574177,0.778658,1.07238,
0.693061,0.69648,1.15898,0.666075,0.934597,
0.514343,1.00366,0.574177,0.778658,1.07238,
0.693061,0.69648,1.15898,0.666075,0.934597,
0.514343,1.00366,0.574177,0.778658,1.07238,
0.693061,0.69648,1.15898,0.666075,0.934597,
0.514343,1.00366,0.574177,0.778658,1.07238,
0.693061,0.69648,1.15898,0.666075,0.934597,
0.514343,1.00366,0.574177,0.778658,1.07238,
0.693061,0.69648,1.15898,0.666075,0.934597,
0.65021,1.16281,0.600023,0.841983,1.20251,
0.703137,0.757307,1.09794,0.7737,1.03937,
0.65021,1.16281,0.600023,0.841983,1.20251,
0.703137,0.757307,1.09794,0.7737,1.03937,
0.65021,1.16281,0.600023,0.841983,1.20251,
0.703137,0.757307,1.09794,0.7737,1.03937,
0.65021,1.16281,0.600023,0.841983,1.20251,
0.703137,0.757307,1.09794,0.7737,1.03937,
0.65021,1.16281,0.600023,0.841983,1.20251,
0.703137,0.757307,1.09794,0.7737,1.03937,
0.65021,1.16281,0.600023,0.841983,1.20251,
0.703137,0.757307,1.09794,0.7737,1.03937,
0.65021,1.16281,0.600023,0.841983,1.20251,
0.703137,0.757307,1.09794,0.7737,1.03937,
0.65021,1.16281,0.600023,0.841983,1.20251,
0.703137,0.757307,1.09794,0.7737,1.03937,
0.65021,1.16281,0.600023,0.841983,1.20251,
0.703137,0.757307,1.09794,0.7737,1.03937,
0.65021,1.16281,0.600023,0.841983,1.20251,
0.703137,0.757307,1.09794,0.7737,1.03937,
0.65021,1.16281,0.600023,0.841983,1.20251,
0.703137,0.757307,1.09794,0.7737,1.03937,
0.65021,1.16281,0.600023,0.841983,1.20251,
0.703137,0.757307,1.09794,0.7737,1.03937,
0.65021,1.16281,0.600023,0.841983,1.20251,
0.703137,0.757307,1.09794,0.7737,1.03937,
0.65021,1.16281,0.600023,0.841983,1.20251,
0.703137,0.757307,1.09794,0.7737,1.03937,
0.65021,1.16281,0.600023,0.841983,1.20251,
0.703137,0.757307,1.09794,0.7737,1.03937,
0.65021,1.16281,0.600023,0.841983,1.20251,
0.703137,0.757307,1.09794,0.7737,1.03937,
0.65021,1.16281,0.600023,0.841983,1.20251,
