0.850913,18.8992,11.1303,1.83342,1.85365,1368.43,13.7597,59.6061,50.7707,70.7478,2.03753,8.68625,9.24098,2.71799,2.38981,2.47228,4.56211,51.2503,11.3854,3.04609
1.15416,18.6534,10.9461,1.65601,1.84943,1344.19,10.4166,55.8497,47.0883,64.0393,1.73784,9.3805,9.79418,2.70577,2.29064,2.42403,4.8196,53.5049,11.5041,2.97266
1.62417,18.7518,10.2158,1.88139,1.86432,1334.84,8.15849,54.3347,44.3028,58.1439,1.40508,10.1329,9.84799,3.01334,2.26081,2.12372,4.93413,53.296,13.0775,2.90925
2.21538,18.9833,9.22398,2.35962,1.89729,1337.41,6.80811,55.4565,41.8502,54.766,1.11767,10.7772,9.37313,3.39286,2.27868,1.68967,4.79956,50.7047,15.1239,2.84428
2.80533,19.0166,8.21437,2.85694,1.95028,1345.43,6.06562,57.9838,38.8106,54.4623,0.92464,11.1244,8.45824,3.58849,2.29943,1.28812,4.42132,46.2215,16.5888,2.75567
3.24387,18.5507,7.37455,3.15655,2.0255,1354.47,5.74717,59.9273,34.6057,56.6375,0.849056,11.018,7.33904,3.47165,2.29195,1.07229,3.89914,40.8509,16.7736,2.63554
3.41833,17.5255,6.81416,3.18746,2.12312,1365.25,5.77171,60.0391,29.8093,59.8795,0.8862,10.3761,6.34827,3.14748,2.26039,1.15761,3.37589,35.8595,15.7614,2.50885
3.31932,16.2401,6.53052,3.04527,2.24284,1379.89,6.04762,58.4127,25.735,62.6889,0.982102,9.2598,5.73152,2.86286,2.23055,1.55175,2.95726,32.1546,14.1697,2.41532
3.06397,15.2633,6.40695,2.88033,2.38232,1397.86,6.57326,55.7009,23.6291,64.0194,1.08458,7.86482,5.50678,2.86931,2.22441,2.18758,2.7096,29.8853,12.8148,2.37818
2.87352,15.1053,6.21675,2.80896,2.52973,1417.12,7.26981,52.5622,24.3196,63.3348,1.17151,6.48644,5.44179,3.29585,2.25167,2.96539,2.64193,28.1536,12.4313,2.39871
2.91294,15.9069,5.75305,2.87121,2.66658,1434.73,8.03074,49.6493,27.6998,60.3221,1.23425,5.41172,5.25229,4.08695,2.31289,3.78365,2.68519,25.7364,13.4287,2.46131
3.14403,17.3338,4.94696,3.02508,2.77292,1448.68,8.89174,47.7797,32.7064,55.0657,1.27322,4.80299,4.81398,5.06177,2.39921,4.53934,2.79035,22.0653,15.8416,2.54373
3.35856,18.7817,3.89509,3.19227,2.83388,1459.85,9.97993,47.7682,37.7418,48.2195,1.29584,4.6531,4.1774,5.98742,2.50333,5.1374,2.92116,17.5493,19.2608,2.62971
3.36884,19.7248,2.79902,3.30647,2.84313,1470.57,11.5079,49.4047,41.4374,41.0739,1.32185,4.8359,3.47783,6.66328,2.62566,5.49751,3.08465,13.1482,22.8704,2.71472
3.12737,20.0437,1.91668,3.35418,2.80412,1482.31,13.4599,51.1838,43.3543,35.4912,1.37658,5.1594,2.83863,6.97606,2.76578,5.57494,3.24313,9.72972,25.7728,2.80157
2.68898,20.0498,1.46807,3.36826,2.7343,1493.38,15.5234,51.4899,43.981,33.4151,1.45046,5.44791,2.36148,6.93416,2.90518,5.39448,3.36603,7.8259,27.3602,2.87924
2.16752,20.1895,1.51472,3.37963,2.66466,1498,17.1942,49.6445,43.9164,35.996,1.50587,5.62223,2.13615,6.6223,3.00674,5.029,3.4936,7.66329,27.3721,2.93364
1.72222,20.6862,2.01405,3.3541,2.62632,1489.09,18.2185,45.7021,43.2624,43.0024,1.50762,5.68665,2.21447,6.12872,3.03092,4.57775,3.62265,9.41329,25.7943,2.98106
1.48171,21.3734,2.85677,3.20815,2.62405,1462.77,18.3877,40.3099,41.7766,53.0831,1.43587,5.69996,2.62611,5.51601,2.95346,4.16551,3.75286,13.2298,22.8211,3.05936
1.42634,21.852,3.91365,2.92578,2.62995,1421.73,17.7649,34.8944,39.3908,64.2698,1.29823,5.69805,3.32777,4.85145,2.77886,3.8861,3.77769,18.7791,18.9373,3.19793
1.43152,21.8067,5.17701,2.61119,2.59794,1376.6,16.7838,32.4559,36.6185,74.0834,1.10978,5.72353,4.20652,4.23958,2.54562,3.73365,3.66027,25.2826,14.9329,3.39544
1.46706,21.1837,6.57469,2.40158,2.48171,1342.28,15.7082,36.2939,34.3042,80.3213,0.909644,5.8145,5.06326,3.77276,2.3,3.67258,3.47489,31.4819,11.5567,3.59721
1.58511,20.2277,7.9707,2.36822,2.25966,1329.43,14.8171,48.7601,33.1737,81.9149,0.775107,6.01244,5.72458,3.46457,2.07771,3.62639,3.30331,36.1945,9.12974,3.70057
1.78253,19.4508,9.24745,2.51085,1.95631,1338.81,14.2216,69.6874,33.9082,79.2098,0.780286,6.31438,6.10791,3.25099,1.9059,3.51398,3.20974,38.8492,7.66117,3.6178
1.95808,19.4238,10.2217,2.7737,1.63667,1362.84,13.8714,95.3651,37.2403,73.6265,0.922416,6.69556,6.2344,3.08198,1.80869,3.2906,3.28174,39.5146,7.24638,3.33502
2.02808,20.5313,10.679,3.06524,1.37368,1389.63,13.4289,119.455,43.345,67.0097,1.14595,7.04625,6.14294,2.97431,1.79616,3.00646,3.51605,38.6165,8.10877,2.91663
2.00137,22.7773,10.518,3.28135,1.22315,1409.97,12.7702,135.652,51.9696,61.1979,1.40081,7.23611,5.93876,2.97737,1.86113,2.75254,3.84905,37.0014,10.2474,2.48334
1.95026,25.6795,9.88104,3.34682,1.20117,1421.07,11.7468,140.415,62.2677,57.6167,1.60804,7.21719,5.83746,3.11831,1.97481,2.57041,4.22496,35.8863,13.2606,2.16227
1.96704,28.3207,9.09741,3.23977,1.28277,1424.83,10.294,133.941,72.2964,56.962,1.6911,7.06113,6.0017,3.3466,2.08957,2.43689,4.52595,36.1325,16.3141,2.0229
2.08776,29.6613,8.50465,2.98838,1.42633,1424,8.77877,119.715,79.087,59.0793,1.63487,6.92443,6.43667,3.52281,2.15729,2.29651,4.64748,37.7561,18.2723,2.0491
2.28904,28.9724,8.29809,2.70113,1.59952,1418.86,8.17341,102.918,80.0272,62.8741,1.51133,6.94972,7.00209,3.52059,2.1491,2.12661,4.53445,40.0409,18.4302,2.15922
2.47975,26.2122,8.41073,2.52974,1.78202,1407.39,9.76961,88.3188,74.6324,66.458,1.43808,7.15151,7.47497,3.33073,2.07756,1.93777,4.20736,41.9542,16.9941,2.27201
2.56216,22.112,8.60468,2.60386,1.9633,1388.07,14.3092,78.3794,65.0042,67.9261,1.48936,7.3834,7.65937,3.06216,1.98886,1.77244,3.7389,42.6223,14.9236,2.35765
2.49329,17.867,8.64643,3.01265,2.13384,1362.53,21.6767,72.4777,55.0208,66.312,1.66404,7.48839,7.49098,2.90547,1.93588,1.68694,3.22193,41.5982,13.5401,2.44233
2.30951,14.5688,8.34756,3.75582,2.28269,1337.36,30.7093,67.936,48.6291,61.8599,1.90359,7.45103,7.02164,3.0172,1.94703,1.70419,2.78622,38.8781,13.8143,2.56297
2.08193,12.8522,7.69204,4.70334,2.39466,1322.8,39.7684,62.729,47.9035,55.7407,2.16477,7.37895,6.36688,3.40652,2.01004,1.81088,2.52687,34.9,15.8025,2.71848
1.84185,12.7593,6.90265,5.62155,2.45395,1327.62,46.716,57.1088,51.8931,49.6534,2.43656,7.4115,5.71126,3.93874,2.08799,1.99844,2.47095,30.7738,18.6437,2.86477
1.58626,13.8758,6.35607,6.25699,2.44765,1353.52,49.8862,53.2763,57.6321,45.0661,2.70449,7.61688,5.27832,4.38973,2.1448,2.25363,2.62982,27.8016,21.0354,2.93819
1.31707,15.6328,6.3699,6.43053,2.36814,1394.7,48.8903,53.2341,61.6643,42.4827,2.95404,7.90171,5.20274,4.54988,2.15511,2.57011,2.88855,26.7409,21.8819,2.88507
1.05842,17.5115,7.07681,6.07077,2.21453,1441.14,44.4352,57.7236,61.5234,41.3462,3.16253,8.10986,5.51464,4.3301,2.10946,2.92488,3.13683,27.7347,20.7455,2.6965
0.855937,19.0912,8.36422,5.2462,2.00113,1482.07,37.9654,66.1328,56.6146,40.5502,3.27965,8.16936,6.23978,3.80189,2.01543,3.23356,3.28471,30.6974,17.962,2.42171
0.733278,20.0171,9.92159,4.15574,1.75922,1508.67,30.9114,76.2614,48.2373,39.1368,3.25224,8.16477,7.25446,3.12895,1.89434,3.39675,3.36541,34.992,14.3307,2.15462
0.685191,20.1078,11.3562,3.06651,1.53291,1515.48,24.3913,84.5033,38.4593,36.8517,3.06789,8.25675,8.28466,2.5043,1.77032,3.37479,3.45482,39.486,10.7953,1.98837
0.711412,19.5003,12.3206,2.23152,1.37014,1500.88,18.7886,87.308,29.3219,34.5104,2.77538,8.51083,9.0069,2.09594,1.66286,3.21454,3.5476,42.9579,8.17059,1.96138
0.812576,18.6833,12.635,1.78292,1.30253,1467.8,14.0866,83.1021,22.4969,33.9255,2.46739,8.83587,9.20806,1.9756,1.58603,3.04252,3.59296,44.5224,6.87908,2.04288
0.958544,18.2851,12.3293,1.67532,1.33251,1423.23,10.3017,72.7876,18.8658,36.8059,2.2358,9.05012,8.93803,2.08205,1.55341,3.00422,3.56178,44.1367,6.72521,2.16023
1.09121,18.755,11.6548,1.74645,1.43114,1376.58,7.52794,59.9159,18.6035,43.8677,2.16406,9.00758,8.47065,2.24927,1.5757,3.19778,3.47336,42.7306,7.06739,2.25439
1.09121,18.755,11.6548,1.74645,1.43114,1376.58,7.52794,59.9159,18.6035,43.8677,2.16406,9.00758,8.47065,2.24927,1.5757,3.19778,3.47336,42.7306,7.06739,2.25439
1.1742,20.1007,10.939,1.79898,1.5589,1338,5.94726,48.7407,21.2146,54.3568,2.28883,8.68432,8.11706,2.29587,1.65799,3.59977,3.34411,41.5955,7.19324,2.31344
1.20395,21.8459,10.3804,1.72607,1.68343,1315.06,5.77,42.3858,25.7081,65.9878,2.5618,8.2193,8.06325,2.14465,1.78845,4.05872,3.24327,41.5568,6.74511,2.35736
1.17809,23.3476,10.0265,1.62295,1.79248,1310.07,7.30117,41.524,31.1649,75.8558,2.88008,7.76423,8.29213,1.90171,1.93458,4.40282,3.22903,42.6549,6.06913,2.41804
1.11953,24.1799,9.75505,1.66858,1.90225,1319.33,10.3297,44.5884,36.6058,81.5844,3.10409,7.33725,8.63338,1.79288,2.06884,4.51284,3.29136,44.1354,5.94553,2.5322
1.12354,24.3192,9.363,1.96839,2.03786,1336.23,13.9826,48.7226,41.2802,82.1933,3.12523,6.82208,8.82712,2.00883,2.18407,4.37849,3.40802,44.7385,7.00952,2.71606
1.30163,24.0669,8.68919,2.50296,2.21275,1354.23,17.1796,51.1861,44.5561,78.2288,2.90631,6.08305,8.63364,2.57531,2.28686,4.09347,3.5334,43.2343,9.33632,2.94223
1.66201,23.7906,7.69034,3.17266,2.41678,1368.93,19.1323,51.0618,46.0884,71.4466,2.48178,5.11731,8.00178,3.37881,2.38791,3.77646,3.58887,39.2545,12.5635,3.14288
2.06289,23.7985,6.47949,3.82036,2.61017,1378.79,19.3968,49.928,46.0836,64.036,1.95736,4.10709,7.07198,4.22737,2.49405,3.49405,3.59285,33.624,16.1112,3.24622
2.31236,24.1288,5.25778,4.28564,2.73805,1383.75,17.9335,50.3864,45.3056,57.7118,1.46548,3.34361,6.05094,4.91599,2.60961,3.23498,3.52319,27.8436,19.3403,3.22742
2.29557,24.6082,4.23977,4.46492,2.75873,1383.62,15.348,54.405,44.7781,53.5039,1.1128,3.08339,5.2124,5.28585,2.73251,2.94006,3.39961,23.6558,21.6516,3.13091
2.01195,24.9995,3.58338,4.34515,2.66633,1376.46,12.6645,62.4209,45.2741,51.8231,0.938716,3.42801,4.79939,5.27924,2.85033,2.577,3.33086,22.4433,22.6722,3.03874
1.59082,25.1546,3.3157,3.97783,2.49241,1358.49,10.8774,73.0438,46.7515,52.5311,0.921957,4.32926,4.92531,4.91284,2.94583,2.20731,3.55023,24.6241,22.2576,3.0329
1.2213,25.0612,3.38905,3.43478,2.28551,1326.86,10.1607,83.5512,48.7276,54.9175,1.03417,5.59699,5.54556,4.26344,2.99868,1.95333,4.33782,29.6382,20.4379,3.16132
1.08554,24.797,3.74114,2.81553,2.08697,1282.83,10.0788,92.1501,51.0162,57.6174,1.26139,6.9715,6.46708,3.46921,2.98432,1.97977,5.81659,36.1841,17.5539,3.41212
1.28941,24.5284,4.31977,2.22228,1.91262,1232.95,10.2877,98.4576,53.2191,59.435,1.55573,8.1812,7.39672,2.68469,2.88901,2.36593,7.77716,42.6993,14.1842,3.72145
1.78909,24.3852,5.10535,1.7197,1.75601,1187.99,10.6113,102.995,54.8596,59.7533,1.81768,9.03901,8.08995,2.02391,2.71969,3.08283,9.76172,48.0719,10.9051,3.99537
2.40049,24.4097,6.04833,1.34766,1.6142,1160.14,10.9801,106.603,55.7245,58.702,1.951,9.45182,8.43421,1.56814,2.50069,3.97614,11.2187,51.8275,8.16139,4.1439
2.90957,24.528,7.05857,1.13774,1.49955,1158.89,11.5269,109.724,56.2439,56.8846,1.92104,9.43931,8.45208,1.37793,2.27302,4.88012,11.7613,53.9964,6.27224,4.13586
3.17084,24.6441,8.02405,1.10936,1.43395,1186.69,12.4359,111.905,56.9768,54.9056,1.7675,9.092,8.25036,1.45966,2.08383,5.6422,11.3488,54.892,5.34451,4.00289
3.14253,24.602,8.80139,1.30068,1.43675,1236.57,13.9705,111.774,57.9968,53.3914,1.55837,8.5497,7.92399,1.75618,1.97322,6.13466,10.2636,54.71,5.27129,3.80589
2.87373,24.3283,9.28917,1.77429,1.51126,1293.43,16.0203,108.286,58.7214,52.9402,1.34622,7.95029,7.49547,2.17632,1.951,6.26271,8.91453,53.3085,5.90702,3.60324
2.49077,23.8534,9.55127,2.52667,1.63442,1340.16,18.0477,101.381,58.4472,53.8097,1.16075,7.40497,6.94923,2.62655,1.98809,6.02476,7.62699,50.4191,7.15117,3.42683
2.12468,23.2882,9.84615,3.43768,1.77727,1363.92,19.4146,92.1409,56.7977,55.8425,1.03113,6.97307,6.3114,3.00687,2.04148,5.4772,6.55143,46.1612,8.80156,3.28014
1.84443,22.6561,10.4042,4.30053,1.9197,1360.79,19.8588,83.1028,53.4844,58.5145,0.977935,6.71415,5.77449,3.21726,2.08915,4.69839,5.6483,41.5711,10.4679,3.16132
1.65214,21.913,11.2772,4.8853,2.05191,1336.21,19.5934,77.0855,48.4724,61.2526,0.988546,6.69268,5.59168,3.18516,2.13395,3.79981,4.83633,38.1977,11.6058,3.07749
1.50484,21.0879,12.3026,5.02125,2.16623,1301.2,19.0774,76.1536,42.3819,63.378,1.04616,6.91028,5.91195,2.91282,2.18679,2.90458,4.09747,37.2516,11.7781,3.04014
1.40771,20.2885,13.2013,4.6894,2.25312,1267.84,18.6942,80.5609,36.2561,64.3268,1.14414,7.29837,6.68076,2.47922,2.24533,2.1345,3.52868,39.0535,10.8889,3.04963
1.40353,19.705,13.707,4.02157,2.29758,1245.32,18.3907,88.5959,31.0485,63.9104,1.24383,7.68351,7.65761,2.00914,2.29068,1.55463,3.20193,42.955,9.19518,3.09335
1.49461,19.4501,13.6644,3.23974,2.28367,1238.23,17.9246,97.3994,27.1691,62.5835,1.29065,7.93229,8.55815,1.6319,2.30156,1.20752,3.12645,47.6239,7.21449,3.15308
1.60805,19.5223,13.1744,2.55663,2.20134,1248.23,17.2264,104.044,24.6849,61.2783,1.2538,7.99506,9.17622,1.4362,2.27089,1.07249,3.18604,51.7489,5.5126,3.20866
1.65257,19.7066,12.5446,2.10805,2.05704,1274.5,16.5228,106.592,23.2198,60.6091,1.15574,7.9891,9.46265,1.42703,2.20504,1.11125,3.2469,54.5762,4.41049,3.24335
1.57164,19.7382,12.0704,1.89572,1.87339,1311.6,16.5338,104.765,22.5047,60.6229,1.05269,8.11231,9.48392,1.52963,2.11833,1.2915,3.31882,55.9578,3.87485,3.24303
1.35671,19.4065,11.9484,1.85677,1.68828,1348.86,17.8562,99.4642,22.5189,60.893,0.993613,8.50629,9.38311,1.65514,2.03364,1.56615,3.49137,56.3186,3.7238,3.20369
1.04418,18.6701,12.1308,1.93181,1.54868,1373.39,20.3561,91.8126,23.1888,60.9161,0.997756,9.12142,9.28979,1.74023,1.97315,1.88662,3.79561,56.2249,3.80879,3.12013
0.754475,17.6332,12.3842,2.07882,1.49577,1375.64,23.1373,82.5505,24.3578,60.5693,1.05516,9.7508,9.23754,1.7725,1.95449,2.2148,4.15484,55.9877,4.08427,2.99279
0.623637,16.568,12.5123,2.24903,1.54847,1354.52,24.8338,72.1823,25.8019,59.9967,1.12794,10.1086,9.21295,1.77992,1.9886,2.49397,4.50081,55.751,4.52738,2.84365
0.68595,15.7313,12.4251,2.38048,1.69495,1319.06,24.3553,61.4043,27.3587,59.3884,1.16438,10.008,9.19434,1.7854,2.07403,2.65991,4.75638,55.5763,5.00523,2.70775
0.849305,15.2911,12.1758,2.42681,1.8899,1284.37,21.6513,51.6052,28.761,58.9773,1.12641,9.48889,9.14959,1.7978,2.1913,2.67398,4.91854,55.4711,5.33045,2.62241
0.990097,15.3072,11.8614,2.36692,2.05864,1264.82,17.6598,44.6164,29.9163,58.9696,1.02065,8.80921,9.03974,1.80839,2.3031,2.523,5.02681,55.4586,5.36527,2.61023
1.07165,15.7281,11.6275,2.20218,2.12813,1266.3,13.548,41.3747,31.321,59.4644,0.90674,8.33401,8.81632,1.78572,2.35999,2.23528,5.07462,55.3745,5.01541,2.6529
1.14085,16.4568,11.6484,1.96154,2.06379,1283.97,10.3359,41.857,33.8142,60.2681,0.85844,8.29621,8.46612,1.70306,2.32473,1.90996,4.99809,55.0738,4.3191,2.69172
1.23424,17.2911,11.9665,1.70157,1.88332,1306.7,8.70828,45.0476,38.0767,61.1464,0.889709,8.70027,8.04385,1.55995,2.19804,1.65302,4.71428,54.5355,3.4524,2.66592
1.36652,18.105,12.4705,1.47503,1.64395,1324.22,8.80186,49.6116,43.7047,61.9137,0.953032,9.3031,7.64242,1.37522,2.02319,1.53943,4.18305,53.8737,2.62497,2.55942
1.54159,18.9108,12.9649,1.33235,1.42076,1333.09,10.0687,54.3459,49.4939,62.37,0.98931,9.78772,7.40468,1.19338,1.86337,1.60022,3.54909,53.4207,2.02438,2.41018
1.72696,19.841,13.2477,1.3204,1.27089,1337.56,11.4489,58.0294,53.9,62.3472,1.0059,9.89728,7.45277,1.06584,1.76613,1.88234,2.99286,53.3847,1.78499,2.27892
1.86906,20.9575,13.1557,1.44087,1.21075,1343.37,12.3199,60.0169,55.5921,62.0915,1.02623,9.639,7.75929,1.00387,1.74178,2.34738,2.73383,53.5176,1.88905,2.21797
1.89824,22.1636,12.6315,1.65606,1.22257,1352.48,13.0251,60.5191,54.197,62.1527,1.08949,9.19574,8.21026,0.993705,1.76559,2.88625,2.88124,53.3655,2.22713,2.23402
1.80053,23.2016,11.8083,1.90887,1.28044,1361.7,14.3346,60.4375,50.5636,62.9444,1.21409,8.77326,8.62025,1.01558,1.79748,3.3428,3.35693,52.5293,2.70641,2.2853
1.63807,23.749,10.8966,2.1278,1.36448,1364.15,16.8617,60.8348,46.337,64.4373,1.39114,8.48982,8.84579,1.06692,1.80561,3.58684,3.93749,50.8902,3.30332,2.32447
1.49498,23.5956,10.0827,2.23735,1.45999,1353.59,20.5259,62.8935,43.0613,66.0125,1.57056,8.36839,8.85739,1.13726,1.78559,3.56274,4.41706,48.7913,3.95567,2.34451
1.44955,22.7739,9.41468,2.19697,1.55332,1330.56,24.5576,67.5005,41.5776,66.7456,1.67897,8.35783,8.71104,1.19806,1.75578,3.29608,4.64476,46.8334,4.57348,2.38419
1.58323,21.5486,8.89664,2.05302,1.63024,1304.01,27.8662,74.6648,41.8866,65.9694,1.67868,8.41646,8.54373,1.23365,1.74126,2.91573,4.57592,45.7769,5.14587,2.49679
1.94068,20.2876,8.58232,1.90333,1.67599,1286.98,29.4891,83.3499,43.1317,63.7781,1.59464,8.52723,8.47159,1.23828,1.75405,2.59348,4.20647,46.0539,5.64116,2.70868
2.43517,19.3219,8.5213,1.80709,1.68091,1289.71,29.1287,90.9434,44.1388,60.9346,1.48977,8.69302,8.58322,1.19465,1.7834,2.44869,3.68959,47.6072,5.93338,2.99614
2.86934,18.8257,8.80993,1.77601,1.64905,1312.37,27.4652,94.6989,44.4083,58.6304,1.41811,8.98358,8.92143,1.10647,1.80345,2.52804,3.47534,50.1323,5.96768,3.28678
3.05228,18.9658,9.36418,1.78423,1.60038,1345.53,26.2803,93.6125,43.9971,58.0416,1.37372,9.48048,9.36903,0.995851,1.7927,2.74047,4.42591,52.6968,5.7472,3.48917
2.92221,20.0308,9.90892,1.77164,1.56146,1375.4,27.7487,87.7058,42.8704,59.7395,1.31603,10.2024,9.64759,0.883183,1.74445,2.91317,7.59558,53.7461,5.31432,3.53595
2.54407,22.2263,10.0886,1.69123,1.54823,1392,33.2708,78.0129,40.9129,63.2343,1.22052,11.0583,9.45479,0.788046,1.67453,2.91654,13.4929,51.879,4.77725,3.41814
2.02969,25.3883,9.59744,1.55754,1.55703,1393.74,42.8741,66.4902,38.3257,67.2354,1.07754,11.9589,8.6464,0.719432,1.60902,2.71814,21.8229,46.5459,4.26243,3.17487
1.5286,28.8788,8.54797,1.42527,1.56175,1385.88,54.6544,55.5984,35.6271,70.2549,0.918406,12.7847,7.30436,0.67627,1.56342,2.40143,31.3014,38.6359,3.87128,2.87251
1.16867,31.5873,7.24575,1.34255,1.53493,1376.21,65.3568,47.125,33.8369,71.4671,0.824468,13.3835,5.66866,0.656332,1.53368,2.10559,39.881,29.8232,3.65169,2.57733
1.04106,32.3998,6.01292,1.32138,1.46676,1370.32,71.926,41.7445,34.2145,70.8417,0.851358,13.7759,4.06508,0.653496,1.50223,1.93836,45.8707,21.7599,3.54433,2.32959
1.1131,30.9216,5.1439,1.33282,1.37008,1368,72.862,39.0554,36.8497,69.0448,1.025,14.1375,2.76549,0.665734,1.45222,1.93778,48.8027,15.6372,3.46295,2.13494
1.26632,27.676,4.63731,1.34501,1.26738,1366.32,68.8701,37.9016,41.0468,67.2619,1.30996,14.7039,2.01885,0.692092,1.37659,2.07984,49.3604,12.1044,3.36977,1.97201
1.43762,23.8977,4.4127,1.34204,1.17774,1363.89,62.1593,37.9861,45.4742,66.4057,1.63159,15.556,1.92818,0.731494,1.28675,2.29797,48.633,11.2845,3.29095,1.81758
1.67126,20.9279,4.44254,1.32536,1.10941,1362.51,55.1796,41.214,48.6266,66.6311,1.92447,16.5303,2.41095,0.780634,1.21118,2.53492,47.3074,12.9945,3.24142,1.66031
2.01767,19.6125,4.78299,1.32438,1.05888,1365.61,49.4422,50.6045,49.7069,67.2464,2.14678,17.2671,3.27798,0.833942,1.17931,2.76173,45.3366,16.9886,3.21867,1.50275
2.40811,19.9561,5.63881,1.38667,1.01601,1375.35,45.0444,67.3679,48.7425,67.0378,2.27369,17.3816,4.31595,0.89211,1.20258,2.96333,42.1286,22.9688,3.21407,1.37323
2.74942,21.1662,7.19646,1.55471,0.971537,1390.46,40.9794,89.1561,46.2991,64.9905,2.29714,16.7021,5.37412,0.95085,1.26773,3.13397,37.1494,30.554,3.19551,1.31668
2.96881,22.2008,9.36232,1.83887,0.926121,1405.67,36.0789,110.295,43.3394,61.0315,2.27646,15.3397,6.33694,0.99871,1.34521,3.26539,30.5087,38.6031,3.10786,1.35816
3.02606,22.3308,11.7024,2.18546,0.891293,1414.66,29.7841,124.477,40.4532,55.9878,2.30127,13.6274,7.18934,1.02937,1.40595,3.3422,22.9857,45.5052,2.96993,1.50349
2.90107,21.4642,13.7107,2.4899,0.882559,1412.21,22.8378,128.102,37.779,50.9409,2.41626,11.937,8.00289,1.03418,1.42857,3.34122,15.9161,50.4604,2.84537,1.73912
2.61749,19.8901,14.9977,2.65862,0.908119,1397.05,16.5178,121.643,35.1128,46.8129,2.56251,10.67,8.93913,1.01382,1.40436,3.23865,10.6121,53.7198,2.82233,2.02609
2.243,18.0843,15.4753,2.66395,0.965335,1372.35,11.6171,109.364,32.3576,44.1865,2.67607,10.0246,10.0723,0.99312,1.33828,3.026,7.63524,56.0431,3.0206,2.3028
1.85445,16.476,15.41,2.55883,1.04117,1344.54,8.64517,97.2745,29.6878,43.4293,2.79706,9.97373,11.2638,1.02135,1.25214,2.74424,6.69279,58.0731,3.56178,2.51027
1.49815,15.3153,15.0659,2.44969,1.11728,1322.08,7.41745,89.9967,27.298,44.904,2.99424,10.3484,12.2803,1.15072,1.18983,2.44173,6.83924,59.8356,4.55869,2.62547
1.18984,14.7683,14.5989,2.44096,1.18435,1312.12,7.24845,88.7928,26.0245,48.8436,3.257,10.9309,12.8217,1.42798,1.20687,2.17522,7.14913,60.6693,6.14318,2.6708
0.967888,15.036,13.9026,2.58473,1.2523,1317.69,7.53357,90.9731,26.9601,54.9339,3.48677,11.4268,12.6355,1.89849,1.33742,1.94878,7.06598,59.4413,8.4953,2.70348
0.907228,16.1741,12.7324,2.85363,1.352,1336.83,7.80051,91.7802,30.7374,62.0321,3.5662,11.532,11.6636,2.55596,1.56953,1.79273,6.36467,55.3306,11.6473,2.78097
1.0574,18.0555,11.0132,3.18409,1.51962,1361.74,7.78518,87.7243,37.2791,68.3739,3.39805,11.0467,10.0648,3.32779,1.84885,1.7131,5.12188,48.4531,15.3865,2.92214
1.35403,20.3053,8.79926,3.52304,1.77012,1383.02,7.62115,77.6266,44.9206,71.9735,2.96899,10.0075,8.14456,4.07606,2.11007,1.70354,3.70712,39.6713,19.1982,3.08513
1.5977,22.4693,6.41345,3.89146,2.08285,1395.38,7.56275,62.7655,51.5797,71.5344,2.36448,8.70196,6.19135,4.63364,2.29986,1.7111,2.5604,30.1428,22.414,3.18267
1.67639,24.0722,4.29659,4.35995,2.40356,1400.19,7.71879,46.1531,55.5996,67.2582,1.73996,7.50812,4.44223,4.88718,2.39409,1.71486,1.9054,21.148,24.5239,3.12849
1.60179,24.8781,2.75894,4.95323,2.66383,1402.72,8.10877,31.3087,56.2455,60.7701,1.31164,6.7048,3.07743,4.84886,2.41144,1.73252,1.75983,13.71,25.4066,2.89535
1.50172,24.9897,1.89623,5.59152,2.81466,1406.46,8.70472,20.9331,53.8088,54.2141,1.2241,6.33737,2.18038,4.65216,2.39534,1.78481,1.99726,8.29725,25.3578,2.52718
1.46821,24.7013,1.55293,6.12216,2.86181,1409.07,9.38041,16.1223,49.2821,49.2545,1.4269,6.25229,1.71537,4.50551,2.39354,1.85827,2.37925,4.9239,25.0228,2.12519
1.53331,24.301,1.48838,6.39215,2.8579,1403.25,9.96596,15.8482,43.7561,46.4071,1.71575,6.22049,1.54688,4.55757,2.42873,1.92615,2.65676,3.27081,24.9991,1.79636
1.6389,23.9128,1.45015,6.30791,2.86589,1382.82,10.4442,17.9468,38.0993,45.197,1.93409,6.08694,1.53025,4.79137,2.4838,1.97077,2.70384,2.73807,25.3506,1.59545
1.73605,23.5645,1.49856,5.88365,2.92313,1348.81,10.9601,20.9881,32.9815,44.7276,2.04238,5.78642,1.62816,5.03357,2.51313,1.99877,2.48741,3.06744,25.546,1.51846
1.82648,23.2648,1.86041,5.23365,3.01848,1308.83,11.6946,24.4599,29.0334,44.2325,2.10323,5.44061,2.01655,5.07556,2.48936,2.02213,2.0917,4.57918,24.8994,1.55281
1.95645,23.0773,2.67361,4.49643,3.09816,1273.07,12.7893,27.8731,26.7412,43.3865,2.18706,5.26496,2.88791,4.78545,2.42477,2.07871,1.76636,7.77345,22.9732,1.70327
2.19764,23.0364,3.89185,3.78026,3.09638,1249.31,14.089,30.6312,26.4371,42.2851,2.32261,5.4382,4.30463,4.18895,2.35917,2.23174,1.77787,12.7986,19.837,1.97835
2.55447,23.0436,5.27311,3.17767,2.97276,1240.42,15.1835,32.1382,27.8929,41.2593,2.5115,6.0471,6.06401,3.48488,2.33423,2.53082,2.34702,19.0485,16.1419,2.37
2.89839,22.8396,6.45735,2.78029,2.73635,1244.25,15.6026,32.0262,30.2511,40.8687,2.72383,7.04094,7.73059,2.96625,2.3648,2.92668,3.51389,25.2333,12.9986,2.81683
3.01998,22.0921,7.10825,2.65909,2.44982,1256.18,15.1271,30.2209,32.4229,41.8217,2.89449,8.25772,8.80035,2.89382,2.43773,3.25977,5.15899,29.8274,11.5314,3.21552
2.77194,20.7204,7.08962,2.81609,2.20205,1272.69,13.8803,26.8436,33.5586,44.5481,2.89835,9.44263,8.92961,3.36778,2.52543,3.34236,7.00516,31.6691,12.2939,3.45981
2.23475,18.9736,6.54932,3.16512,2.05566,1291.65,12.1782,22.3459,33.63,48.8482,2.66095,10.3584,8.15639,4.25976,2.58647,3.08654,8.72569,30.6532,14.9295,3.47195
1.69095,17.371,5.845,3.59807,2.01548,1311.63,10.3455,17.4538,33.343,53.8377,2.27155,10.8507,6.87012,5.29293,2.58558,2.60376,10.0766,27.7982,18.4546,3.25776
1.3956,16.3681,5.35709,4.03395,2.03911,1331.41,8.83206,13.2188,33.4094,58.1649,1.95105,10.8908,5.65243,6.15621,2.51083,2.11392,10.8684,24.7802,21.6772,2.92325
1.41858,16.1862,5.33417,4.42251,2.07082,1348.59,8.27102,10.7801,34.1002,60.7943,1.90273,10.6232,5.10072,6.60412,2.3798,1.80016,11.1005,23.6318,23.599,2.63986
1.68589,16.7255,5.75723,4.7174,2.08338,1360.49,8.99037,10.9965,35.0137,61.5576,2.14744,10.2984,5.54725,6.50448,2.24216,1.7477,10.8958,25.7275,23.6485,2.56109
2.04226,17.7133,6.40167,4.85867,2.08131,1364.75,10.902,14.351,35.3362,61.1355,2.57785,10.1046,6.92946,5.88297,2.15577,1.9179,10.3722,31.136,21.8232,2.74959
2.27238,18.839,6.99837,4.77131,2.0912,1361.08,13.5004,20.6319,34.3003,60.3294,3.02258,10.1179,8.82005,4.89505,2.15035,2.20627,9.69975,38.576,18.5513,3.14262
2.27206,19.8544,7.39525,4.4631,2.14162,1352.6,15.9499,28.68,31.794,59.422,3.34299,10.2611,10.6481,3.8079,2.21949,2.54894,8.96999,46.0069,14.7495,3.58196
2.08035,20.6236,7.54875,4.05967,2.23595,1343.5,17.6257,36.6238,28.8157,58.2394,3.42638,10.3347,11.8856,2.93872,2.33283,2.87946,8.15603,51.3826,11.6422,3.89518
1.78638,21.1131,7.38378,3.7339,2.3418,1336.99,18.268,42.3917,27.1637,56.4142,3.22395,10.141,12.1079,2.46904,2.44686,3.16747,7.19429,52.878,10.1028,3.96537
1.45438,21.3908,6.82428,3.65983,2.41061,1333.72,17.9674,44.7421,28.4881,53.8002,2.79465,9.59276,11.1625,2.41386,2.51753,3.34068,6.00336,49.6009,10.4221,3.76827
1.19408,21.5647,5.89355,3.95314,2.40551,1331.03,17.1581,43.9503,33.618,50.8566,2.3035,8.80936,9.25576,2.65317,2.52355,3.38073,4.65825,42.1588,12.3295,3.37289
1.15806,21.7696,4.78917,4.57152,2.3201,1324.01,16.0736,41.8301,42.4509,48.4139,1.85536,8.03867,6.89576,3.00259,2.47587,3.27722,3.38364,32.5202,15.1673,2.90316
1.50317,22.0858,3.84415,5.32268,2.17689,1308.98,14.6798,40.9882,53.5701,47.2045,1.46931,7.52515,4.66095,3.26159,2.40948,3.0691,2.45178,23.2225,18.0209,2.48127
2.24168,22.4678,3.48121,6.00576,2.01174,1285.64,12.9313,44.7042,64.5276,47.5603,1.12338,7.41017,3.0564,3.31877,2.35966,2.81974,2.04668,16.724,20.1105,2.17285
3.13167,22.6637,4.03826,6.48493,1.8597,1258.23,11.0477,55.4574,72.6893,49.3366,0.841592,7.66576,2.39154,3.17313,2.33926,2.59616,2.18195,14.7518,20.9225,1.98156
3.83661,22.4403,5.53599,6.68748,1.74756,1234.01,9.43461,72.8881,75.9366,52.2402,0.670711,8.09421,2.62659,2.9007,2.33565,2.43362,2.69036,17.5204,20.2947,1.88294
4.15644,21.7644,7.63141,6.5994,1.68786,1219.68,8.41375,93.5719,73.3626,56.1205,0.615807,8.43161,3.43444,2.59862,2.32044,2.30558,3.25373,23.6576,18.4458,1.84373
4.15644,21.7644,7.63141,6.5994,1.68786,1219.68,8.41375,93.5719,73.3626,56.1205,0.615807,8.43161,3.43444,2.59862,2.32044,2.30558,3.25373,23.6576,18.4458,1.84373
4.1336,20.8761,9.73672,6.32535,1.68083,1217.09,8.07222,112.022,65.821,60.9236,0.596936,8.51571,4.35903,2.36258,2.27226,2.11942,3.5113,30.7766,16.0049,1.8287
3.88819,20.1115,11.2588,6.05614,1.7233,1223.14,8.26487,123.169,55.7914,66.253,0.554132,8.35965,5.04704,2.27415,2.19119,1.83717,3.28068,36.4778,13.8052,1.80795
3.59694,19.7044,11.8347,6.01274,1.80841,1232.67,8.79089,124.135,46.5328,71.0277,0.539009,8.19017,5.34495,2.40571,2.08904,1.53227,2.77665,39.2058,12.66,1.76652
3.4051,19.5676,11.3543,6.32702,1.92133,1243.1,9.60426,115.161,40.718,73.6875,0.643669,8.23795,5.27667,2.7945,1.97829,1.32388,2.28123,38.4422,13.0622,1.70639
3.31582,19.3882,10.0212,6.95598,2.03712,1256.82,10.8092,99.8177,39.3195,72.8744,0.91741,8.61153,5.06055,3.39983,1.86645,1.29068,2.09577,35.0421,14.9396,1.64572
3.22987,18.8776,8.31688,7.66588,2.12842,1278.13,12.4731,83.4832,41.226,68.2842,1.29349,9.20013,4.98243,4.06492,1.75702,1.4177,2.33884,30.9697,17.504,1.61058
3.00939,17.9577,6.71007,8.10989,2.17636,1308.39,14.602,70.6907,43.925,61.0347,1.64572,9.76572,5.20832,4.55169,1.65509,1.60985,2.87499,28.1712,19.5221,1.62199
2.62737,16.8508,5.59935,8.01387,2.17972,1343.15,16.9719,63.9992,45.3573,53.2426,1.9225,10.0791,5.6916,4.66069,1.56908,1.75262,3.43672,27.6637,19.9613,1.68917
2.21202,15.9245,5.26491,7.29041,2.15147,1374.23,18.973,65.0971,44.7918,47.1458,2.13011,10.0821,6.31701,4.34557,1.52778,1.77998,3.79414,29.697,18.5403,1.81612
1.90997,15.5324,5.71929,6.05525,2.11135,1393.49,20.2113,73.7457,42.2402,44.0474,2.32158,9.8679,6.98384,3.7107,1.56759,1.69924,3.82363,33.774,15.7159,2.01521
1.76109,15.847,6.69589,4.59278,2.08471,1396.26,20.4922,87.2996,38.4139,43.9029,2.5315,9.60052,7.61336,2.97038,1.71276,1.59763,3.56164,38.7887,12.4064,2.29042
1.74881,16.8839,7.76926,3.22589,2.09839,1383.49,20.2298,101.755,34.6343,45.3858,2.70306,9.37485,8.0851,2.36814,1.96144,1.56295,3.18397,43.1706,9.59816,2.62147
1.91119,18.4876,8.58739,2.22025,2.17656,1360.64,20.4834,112.998,32.5577,46.6761,2.73015,9.17485,8.29721,2.12278,2.27712,1.62124,2.88096,45.7226,8.17052,2.95347
2.2454,20.3392,8.93346,1.77275,2.33471,1334.91,22.3804,117.855,33.0831,46.5093,2.55279,8.95427,8.19363,2.36361,2.59703,1.7225,2.76509,45.7633,8.69482,3.20528
2.65628,21.9485,8.66637,1.96942,2.56115,1313.39,26.7325,114.478,35.9081,44.6671,2.19307,8.77288,7.71586,3.04792,2.85497,1.78877,2.90497,42.9521,11.1022,3.29821
2.95543,22.8174,7.76764,2.73525,2.81359,1301.42,33.4071,103.473,39.9054,41.9545,1.79545,8.78076,6.84204,3.98237,3.00383,1.76317,3.26887,37.456,14.7224,3.19834
3.00371,22.6366,6.38544,3.89025,3.03103,1300.7,40.9867,87.5236,43.905,39.9425,1.53425,9.11659,5.68619,4.94237,3.02881,1.63668,3.72832,30.2701,18.7079,2.94134
2.79329,21.4066,4.8494,5.20652,3.15467,1309.86,47.8035,70.4977,47.3304,40.2343,1.4947,9.80533,4.49514,5.73354,2.94578,1.42326,4.10946,23.0302,22.2717,2.6251
2.40847,19.3882,3.5562,6.44984,3.15416,1327.05,52.3011,55.9414,50.2151,43.6288,1.62323,10.7081,3.53722,6.23191,2.79173,1.16865,4.2756,17.343,24.8589,2.36992
2.01643,17.0094,2.77694,7.39802,3.03975,1350.07,53.271,45.5878,53.0253,49.7487,1.75234,11.561,2.97069,6.41191,2.61187,0.929603,4.19987,14.1146,26.2659,2.25798
1.69474,14.7028,2.53458,7.89414,2.85756,1375.51,49.8974,38.5692,56.3428,57.2284,1.79292,12.104,2.73031,6.34877,2.44517,0.760895,3.97567,13.0013,26.6561,2.29417
1.4573,12.8774,2.67336,7.90172,2.67475,1399.41,42.9598,33.6047,60.3224,64.1407,1.76718,12.1703,2.68567,6.18759,2.3117,0.699826,3.78663,12.9963,26.4503,2.40848
1.3573,11.8915,2.98473,7.51323,2.54581,1419.77,34.0553,29.7908,64.6323,68.658,1.76152,11.7078,2.71139,6.07083,2.21658,0.763061,3.71667,13.0858,26.1565,2.50529
1.45829,11.9778,3.31622,6.88936,2.48753,1438.26,24.6546,26.134,68.2427,69.6612,1.88755,10.82,2.72678,6.04721,2.16086,0.993305,3.72175,12.7309,26.0063,2.52283
1.76106,13.1155,3.7038,6.17623,2.48204,1457.48,16.262,22.2649,69.7614,67.002,2.1896,9.76513,2.77598,6.04328,2.13852,1.40454,3.77045,12.2462,25.7945,2.45201
2.21995,15.0194,4.319,5.46035,2.49646,1478.37,10.1199,18.6457,68.3831,61.5801,2.59508,8.83327,2.96586,5.92041,2.1367,1.94676,3.89602,12.5118,25.0863,2.31991
2.74102,17.1881,5.28888,4.77884,2.51079,1498.61,6.65506,16.5588,64.2829,55.1957,2.91789,8.22255,3.4,5.55911,2.14743,2.51357,4.15625,14.3371,23.4775,2.17572
3.13237,19.062,6.6113,4.1376,2.5148,1512.46,5.75052,17.4758,58.3497,49.9713,3.04047,8.00238,4.1485,4.92391,2.16923,2.97112,4.54255,18.1613,20.8171,2.0782
3.28593,20.2673,8.11512,3.54802,2.50344,1513.22,7.05248,22.2909,51.5704,47.4598,2.97812,8.15074,5.15992,4.07597,2.20129,3.24734,4.98148,23.5817,17.2494,2.06119
3.24654,20.8221,9.48813,3.03028,2.47189,1496.6,10.2574,31.0209,44.9463,47.8883,2.80981,8.54515,6.29921,3.16002,2.2391,3.29384,5.35083,29.5172,13.266,2.13566
3.16516,21.0082,10.4406,2.60711,2.40983,1462.19,14.7054,42.5797,39.4377,50.2213,2.62199,8.99829,7.38333,2.34877,2.27013,3.13144,5.52631,34.7559,9.56535,2.30376
3.1554,21.1381,10.8679,2.29969,2.31037,1414.3,19.3903,54.5554,35.573,52.9458,2.41678,9.29453,8.21816,1.75158,2.27575,2.83654,5.41536,38.4792,6.72008,2.55648
3.23015,21.3556,10.9007,2.10667,2.17587,1362.33,23.253,64.0329,33.0999,54.6167,2.17427,9.31072,8.68593,1.37195,2.23725,2.50301,5.03113,40.5507,4.89477,2.84611
3.38858,21.6285,10.7476,1.97503,2.01242,1318.66,25.3564,68.7286,31.2855,54.5836,1.87511,9.03559,8.76609,1.14472,2.15697,2.22218,4.46701,41.4225,3.93434,3.10635
3.64441,21.8418,10.5349,1.83749,1.83554,1294.17,25.2833,68.0278,29.5896,53.1904,1.55083,8.54323,8.54388,0.994358,2.06351,2.04617,3.84928,41.7448,3.5917,3.29783
4.00805,21.9642,10.2493,1.69167,1.67338,1293.05,23.2605,62.8076,28.3264,51.3634,1.29323,7.94931,8.1232,0.921446,1.99481,2.00381,3.27498,41.8017,3.8435,3.41641
4.51919,22.1069,9.75089,1.59564,1.56857,1311.34,20.0474,55.0403,28.0927,50.0234,1.14375,7.39696,7.58475,0.995762,1.97474,2.07475,2.87496,41.3505,4.86707,3.48036
5.05706,22.3896,8.92733,1.65142,1.55734,1337.63,16.4711,46.8227,29.2003,49.6989,1.15144,7.00964,6.92784,1.29995,2.00255,2.22474,2.72781,39.7377,6.87115,3.49663
5.42405,22.8319,7.83008,1.91552,1.65163,1357.66,13.0653,39.4489,31.2233,50.4098,1.31485,6.88423,6.15932,1.86767,2.04973,2.38428,2.87125,36.6236,9.83568,3.43941
5.49971,23.3492,6.67448,2.34437,1.83435,1361.95,10.0598,33.2484,33.3201,51.891,1.56196,7.02171,5.38709,2.66629,2.07982,2.46082,3.23694,32.3454,13.4796,3.28129
5.25405,23.7781,5.65813,2.81347,2.06124,1351.21,7.48931,27.96,34.951,53.9541,1.81564,7.32309,4.71714,3.61106,2.08113,2.43467,3.68173,27.5102,17.3719,3.0363
4.67217,23.9794,4.87862,3.19005,2.27305,1335.68,5.47951,23.3533,36.404,56.4726,2.02299,7.64382,4.23733,4.59701,2.08061,2.34876,4.11192,22.8987,21.0856,2.77003
3.87032,23.9808,4.35766,3.39401,2.42095,1328.24,4.40428,19.3691,38.7352,59.1743,2.16662,7.82772,3.9599,5.51722,2.12224,2.2977,4.51451,19.09,24.3083,2.56298
3.15145,24.0462,4.05101,3.42792,2.48805,1336.21,4.60815,16.3846,42.8645,61.599,2.21067,7.70852,3.7944,6.2746,2.23568,2.3591,4.89681,16.2408,26.837,2.46881
2.76058,24.4832,3.91632,3.34101,2.49094,1357.01,5.96654,15.0525,48.4852,63.0199,2.13624,7.17714,3.66998,6.79364,2.41082,2.55527,5.21682,14.3621,28.4708,2.50041
2.71786,25.4229,4.03736,3.19736,2.46849,1380.86,7.91406,15.812,53.8293,62.7867,1.99666,6.2962,3.61402,7.02825,2.59618,2.8783,5.45047,13.6366,28.9608,2.61901
2.86396,26.7435,4.53115,3.02742,2.46494,1397.51,9.67376,18.6173,56.3494,60.6552,1.86305,5.31371,3.7639,6.93427,2.72661,3.25969,5.68894,14.4082,27.9462,2.74577
3.11094,28.1656,5.42255,2.81412,2.50326,1401.3,10.7076,22.8377,54.0412,56.8865,1.77422,4.49925,4.22869,6.47837,2.76035,3.61257,5.96626,17.0186,25.1972,2.81045
3.47071,29.4136,6.55707,2.54414,2.57302,1393.18,10.7581,27.5618,46.8271,52.0815,1.78752,4.0277,4.99056,5.71905,2.70055,3.91687,6.23767,21.3276,21.1215,2.78607
3.92877,30.3322,7.58356,2.2493,2.64929,1377.05,9.93804,31.8218,36.9253,47.0845,1.95582,3.96262,5.85141,4.83237,2.57845,4.21295,6.50944,26.2334,16.7924,2.67947
4.47413,30.8924,8.13721,2.03512,2.70596,1356,8.65322,35.1633,27.9997,42.7588,2.26698,4.28303,6.47685,4.07339,2.43329,4.53126,6.76377,30.0242,13.5793,2.51358
5.03489,31.0479,7.98043,2.08424,2.7258,1331.47,7.4567,37.5715,23.079,39.8533,2.63811,4.95616,6.56272,3.65634,2.29616,4.85988,6.93274,31.1136,12.4735,2.31792
5.36858,30.644,7.11919,2.5364,2.70339,1303.92,6.9415,39.3143,23.1629,38.9494,2.974,5.9326,6.01373,3.68204,2.18696,5.11469,6.88756,28.835,13.7407,2.12493
5.30926,29.5444,5.82419,3.41736,2.65053,1274.88,7.4638,40.919,26.9692,40.2683,3.16939,7.11352,4.99253,4.14214,2.11349,5.16571,6.52024,23.7899,17.031,1.96036
4.86036,27.7947,4.48813,4.58025,2.59066,1248.86,8.93044,43.0871,32.13,43.6727,3.15226,8.314,3.8377,4.88325,2.07302,4.92402,5.82851,17.4187,21.3814,1.84337
4.152,25.6717,3.38866,5.70861,2.54045,1231.6,10.8203,45.7589,36.6622,48.7814,2.89672,9.28487,2.92033,5.6296,2.05462,4.40927,4.92347,11.2624,25.52,1.78543
3.42182,23.6584,2.64506,6.47924,2.50235,1227.27,12.5076,47.5719,40.0183,54.938,2.42599,9.7896,2.47179,6.15421,2.04012,3.76937,3.98292,6.48783,28.5127,1.7692
2.9183,22.2094,2.27303,6.71279,2.47335,1235.04,13.7316,47.1757,42.7918,61.193,1.84327,9.71805,2.50644,6.3806,2.01763,3.16423,3.15883,3.63125,30.0179,1.7566
2.70163,21.467,2.18356,6.44241,2.45265,1249.12,14.6647,44.1662,45.8406,66.5084,1.32262,9.16606,2.83801,6.35776,1.98143,2.65453,2.5194,2.55536,30.1381,1.71123
2.67006,21.1379,2.23314,5.87945,2.44075,1261.99,15.5682,39.1386,49.6334,70.0682,1.01057,8.40392,3.19023,6.19425,1.93344,2.25104,2.08971,2.56131,29.2461,1.62418
2.66136,20.6788,2.26907,5.32734,2.44939,1268.58,16.4776,32.8565,53.9514,71.7477,0.944812,7.75686,3.31872,5.99744,1.88955,1.92631,1.86855,2.83393,27.8416,1.5233
2.57447,19.6409,2.18276,5.02848,2.49137,1268.85,17.1284,26.0816,58.0634,72.2381,1.04327,7.48215,3.14647,5.82322,1.87421,1.64642,1.86764,2.98839,26.3831,1.4619
2.37444,17.9201,1.96595,5.08575,2.56209,1266.73,17.0249,19.6628,61.3917,72.6326,1.18698,7.69857,2.7545,5.69833,1.90279,1.41743,2.07551,3.04117,25.3143,1.47746
2.07527,15.7753,1.66731,5.45731,2.6405,1266.71,15.9323,15.0324,63.7927,73.7229,1.32021,8.35945,2.3165,5.64604,1.97387,1.26469,2.39979,3.30478,24.9666,1.57848
1.77085,13.6592,1.47617,5.99747,2.70087,1270.18,13.8722,13.8686,65.3516,75.4244,1.44576,9.27346,2.03759,5.65943,2.0614,1.20314,2.71895,4.51024,25.3795,1.73896
1.6145,11.9976,1.61586,6.50642,2.72338,1277.98,11.3704,17.6217,66.0008,76.8062,1.59629,10.1742,2.11213,5.69992,2.13106,1.20212,2.90609,7.5622,26.2005,1.91614
1.66012,11.0445,2.19891,6.82812,2.70662,1292.3,9.29894,25.8255,65.2249,76.5788,1.81962,10.8035,2.60018,5.704,2.1538,1.22245,2.89163,12.6859,26.8746,2.07551
1.84772,10.9222,3.15694,6.88149,2.66832,1314.77,8.31814,36.6295,62.6594,73.7929,2.10192,10.952,3.37526,5.617,2.1202,1.21459,2.68341,18.9747,26.9464,2.20842
2.13336,11.698,4.26277,6.66547,2.63572,1344.68,8.42237,48.108,58.7265,68.4499,2.33626,10.505,4.20674,5.42284,2.04474,1.17226,2.37563,24.8748,26.2118,2.32506
2.52037,13.3154,5.19971,6.29108,2.62567,1378.47,9.13722,58.8614,54.9459,61.7931,2.42076,9.53055,4.82261,5.13874,1.95464,1.15333,2.09493,28.7498,24.836,2.43809
3.00758,15.5559,5.66994,5.91824,2.63101,1410.21,9.86686,68.0928,53.4691,55.8763,2.33997,8.3165,5.00547,4.81075,1.88273,1.23348,1.96253,29.4014,23.1671,2.54208
3.56249,18.0277,5.53876,5.69674,2.6274,1432.77,10.5492,74.8749,55.1845,52.4007,2.20327,7.26847,4.65987,4.48743,1.85697,1.44233,2.04085,26.5951,21.4995,2.6124
4.09286,20.194,4.93598,5.73614,2.58949,1440.51,11.5835,78.2891,59.0621,51.7384,2.13203,6.72017,3.89403,4.20261,1.8846,1.73677,2.29969,21.35,20.0457,2.62028
4.43299,21.4911,4.19402,6.08936,2.50019,1432.61,13.3375,78.1124,63.1832,52.8747,2.17348,6.77405,2.99198,3.98522,1.94541,2.04878,2.64051,15.655,19.0225,2.54692
4.43949,21.5491,3.62114,6.70205,2.3592,1414.47,15.8048,74.2486,65.5364,54.1968,2.26947,7.28953,2.22332,3.83185,2.00687,2.30948,2.93358,11.2378,18.4353,2.39408
4.09647,20.4033,3.32664,7.44168,2.18573,1395.74,18.487,66.4297,65.0898,54.4039,2.32747,8.00294,1.75745,3.72549,2.04038,2.51152,3.07209,8.77314,18.1401,2.18704
3.57288,18.5426,3.20581,8.13954,2.01668,1385.99,20.5156,55.2252,62.8709,53.0181,2.27938,8.66746,1.64412,3.67757,2.0338,2.72561,3.0026,7.93388,18.111,1.97464
3.06249,16.7043,3.05953,8.64295,1.89145,1388.84,21.2251,42.5995,60.6684,50.2981,2.11382,9.14607,1.79874,3.71894,1.99758,3.0301,2.77537,7.86216,18.4392,1.81097
2.75593,15.593,2.80541,8.82492,1.83401,1399.38,20.4939,31.3208,59.7559,47.024,1.90181,9.40536,2.12987,3.85803,1.95766,3.47288,2.57868,8.09952,19.1092,1.72136
2.73548,15.563,2.61402,8.61441,1.84302,1407.71,18.7197,23.4594,59.8108,44.0705,1.7448,9.47862,2.6591,4.06104,1.93725,4.016,2.57712,9.11673,19.9191,1.69646
2.85021,16.4954,2.78068,8.04375,1.88661,1406.75,16.4738,20.0526,59.5129,42.4021,1.72963,9.42688,3.50991,4.27667,1.94589,4.53186,2.87259,11.9512,20.6086,1.71253
2.83052,17.9766,3.51756,7.25071,1.91258,1395.49,14.107,21.5202,57.3333,42.833,1.87819,9.31812,4.76072,4.455,1.97973,4.86422,3.45257,17.3026,21.068,1.75029
2.533,19.5747,4.82092,6.42532,1.87557,1378.11,11.993,28.4915,53.0102,45.6221,2.08362,9.21057,6.29898,4.55828,2.02879,4.89198,4.2027,24.9269,21.3882,1.79906
2.05963,20.9231,6.45378,5.73032,1.76426,1361.32,10.2965,40.8889,48.1826,50.5028,2.24246,9.20529,7.83332,4.55709,2.08035,4.61546,4.93329,33.5201,21.6915,1.85245
1.61107,21.716,8.11502,5.25923,1.60517,1351.15,9.08477,57.5622,45.0644,56.7429,2.3698,9.43205,9.01601,4.4534,2.1273,4.15016,5.49967,41.403,22.0472,1.89918
1.3006,21.7383,9.52301,5.03911,1.44979,1351.05,8.31492,75.6718,45.0374,63.041,2.55283,10.0066,9.6343,4.29529,2.16669,3.62648,5.88224,47.2469,22.5263,1.92577
1.10548,20.9873,10.4193,5.0476,1.35246,1360.22,8.08462,91.3559,48.0113,67.8216,2.85185,10.904,9.61918,4.15229,2.20477,3.14006,6.1886,50.2325,23.1726,1.9361
0.90966,19.7888,10.58,5.20915,1.3525,1374.32,8.42466,100.725,52.4812,69.861,3.21485,11.9095,8.99644,4.0934,2.25525,2.75276,6.53266,49.8146,23.9234,1.95625
0.672912,18.7358,9.87178,5.42067,1.45976,1387.69,9.21565,101.037,56.3272,68.9716,3.52872,12.6604,7.85961,4.13675,2.32009,2.49171,6.93569,45.8628,24.5898,2.01132
0.51797,18.3864,8.42988,5.60485,1.64888,1395.71,10.3396,92.141,57.9348,66.0018,3.66588,12.7807,6.41848,4.25483,2.38101,2.33549,7.27733,39.0935,24.9803,2.10218
0.582815,18.9503,6.72942,5.70247,1.87129,1397.28,11.797,76.8836,56.8606,62.1363,3.53756,12.1043,5.01117,4.39774,2.40622,2.24789,7.35851,31.0683,24.9908,2.20875
0.839083,20.1354,5.29265,5.68622,2.07238,1394.22,13.6364,59.2944,53.6286,58.1793,3.13492,10.7588,3.95122,4.54265,2.37127,2.19448,7.02689,23.4969,24.6475,2.30485
1.13688,21.3634,4.56605,5.59541,2.20781,1387.9,15.8177,43.7105,49.3827,54.3836,2.56328,9.17732,3.5378,4.70753,2.27498,2.17012,6.26737,18.2262,24.1558,2.37207
1.32304,22.1336,4.79911,5.47202,2.25146,1377.43,18.1819,33.8334,45.2471,50.814,2.00613,7.86179,3.92121,4.86553,2.14262,2.19259,5.20924,16.7898,23.5782,2.40965
1.34346,22.3111,5.83911,5.31074,2.20201,1361.08,20.3396,30.8642,41.6789,47.8862,1.60831,7.14173,4.94349,4.90989,2.01585,2.29257,4.05639,19.3517,22.6372,2.43429
1.28388,22.1349,7.28405,5.06676,2.08484,1338.43,21.589,33.9635,38.5726,46.7335,1.40627,7.03816,6.22719,4.72384,1.94303,2.45031,3.02057,24.6784,20.9482,2.46507
1.27724,22.0827,8.66549,4.68997,1.94707,1311.78,21.4901,41.2084,36.0171,48.4679,1.33438,7.33183,7.35854,4.2642,1.96749,2.61568,2.29526,30.9193,18.3666,2.50103
1.39054,22.4814,9.59097,4.15542,1.84255,1287.2,20.3203,49.831,34.499,53.2068,1.33567,7.70897,8.04437,3.6259,2.10493,2.75592,2.00202,36.2609,15.2918,2.52216
1.61593,23.343,9.92738,3.53495,1.80973,1272.29,18.8275,56.6339,34.8056,60.1574,1.41467,7.89401,8.17797,3.02888,2.32516,2.86183,2.15541,39.4057,12.6714,2.50565
1.88186,24.3351,9.73519,2.97969,1.85638,1273.05,17.8387,59.3136,37.27,68.0998,1.56048,7.74913,7.81415,2.69584,2.56091,2.91664,2.64471,39.6413,11.4975,2.43752
2.05252,25.0336,9.09452,2.63781,1.96428,1292.26,17.5313,57.4234,41.3785,75.7492,1.71684,7.30739,7.10914,2.74,2.73938,2.89018,3.29831,36.829,12.2175,2.32328
1.98109,25.1861,8.0886,2.61084,2.09815,1327.51,17.4095,52.0549,45.9741,81.9599,1.80988,6.77189,6.24955,3.15446,2.81792,2.76505,3.94372,31.5739,14.6547,2.19512
1.66072,24.9072,6.88832,2.87507,2.22064,1369.79,16.6764,45.1047,49.655,85.7967,1.83735,6.35382,5.34923,3.81505,2.80472,2.57898,4.42335,24.9559,18.0473,2.09864
1.29462,24.5341,5.70291,3.29352,2.30313,1406.03,14.8708,38.6204,51.6426,86.6735,1.83075,6.19308,4.4469,4.54456,2.74554,2.39369,4.63267,18.1791,21.3293,2.06943
1.09109,24.4183,4.73006,3.70118,2.3341,1425.1,12.1311,34.7802,52.1509,84.4158,1.78517,6.29087,3.5799,5.21007,2.69711,2.25619,4.55921,12.365,23.6538,2.11187
1.13077,24.6988,4.07464,3.98799,2.3227,1421.68,9.35948,34.7196,51.9314,79.3644,1.67178,6.52593,2.82061,5.7674,2.69724,2.18514,4.29185,8.22316,24.7411,2.20859
1.34056,25.2222,3.62683,4.1466,2.29929,1396.74,7.61163,37.3728,51.7807,72.4093,1.4653,6.73176,2.22188,6.24128,2.74475,2.19095,3.96675,5.79481,24.9407,2.32262
1.57123,25.6178,3.23581,4.24726,2.30333,1356.7,7.34058,41.0463,52.2449,65.0663,1.18502,6.83347,1.82868,6.6523,2.7957,2.23604,3.68349,4.70565,24.9538,2.40458
1.72596,25.5026,2.83887,4.37743,2.36345,1312.17,8.21536,43.7924,53.661,59.2059,0.895534,6.85384,1.61943,6.99818,2.79654,2.24937,3.42671,4.22847,25.4133,2.41598
1.78511,24.728,2.43099,4.57992,2.47769,1274.44,9.59084,44.1616,56.0365,56.1137,0.65903,6.88421,1.55907,7.25295,2.72281,2.17189,3.1572,3.85526,26.5887,2.34134
1.76984,23.5597,2.11028,4.83173,2.61385,1251.34,11.107,42.221,59.1228,55.7966,0.489004,7.00113,1.66676,7.39482,2.59447,1.99651,2.88347,3.58883,28.3374,2.19922
1.72987,22.4948,1.88628,5.09079,2.72548,1246.07,12.481,38.5567,62.1846,56.9483,0.391099,7.21715,1.90742,7.40918,2.46153,1.78165,2.61537,3.44458,30.2256,2.03738
1.71617,21.9491,1.69976,5.32681,2.78173,1256.69,13.6583,33.8664,63.9351,57.8836,0.379219,7.50501,2.20106,7.29054,2.37769,1.58066,2.3588,3.32715,31.7166,1.91461
1.76033,22.0449,1.53388,5.54992,2.78207,1275.87,14.6333,29.0035,63.2125,57.7666,0.44859,7.8421,2.46945,7.06645,2.37272,1.43664,2.11823,3.19319,32.4685,1.87105
1.82908,22.5528,1.36751,5.80481,2.75232,1294.62,15.4956,24.7319,59.7143,56.7521,0.585265,8.20403,2.64129,6.77934,2.43393,1.37248,1.89937,3.09343,32.4222,1.89888
1.87387,23.0705,1.21722,6.11826,2.72765,1307.53,16.2696,21.426,54.5431,55.3815,0.759884,8.57631,2.68261,6.45696,2.51759,1.39117,1.73432,3.17002,31.6834,1.94392
1.87387,23.0705,1.21722,6.11826,2.72765,1307.53,16.2696,21.426,54.5431,55.3815,0.759884,8.57631,2.68261,6.45696,2.51759,1.39117,1.73432,3.17002,31.6834,1.94392
1.90077,23.3209,1.17182,6.43562,2.727,1313.13,16.9143,19.0289,49.4571,54.0663,0.936711,8.91234,2.59584,6.10873,2.57274,1.47459,1.6584,3.57868,30.4569,1.94622
1.94632,23.3579,1.26528,6.6373,2.7444,1311.96,17.3638,17.025,46.1704,53.2029,1.07592,9.12261,2.37532,5.73627,2.56658,1.58587,1.71264,4.27011,28.9782,1.87799
2.01889,23.4842,1.51521,6.58499,2.75737,1306.37,17.4326,14.9106,45.5621,53.3241,1.14619,9.10039,2.02049,5.37286,2.49606,1.67869,1.90751,5.03232,27.4453,1.7544
2.08559,23.9852,1.88677,6.21936,2.75038,1300.76,16.9937,12.6401,47.0436,54.7621,1.15059,8.78185,1.60314,5.09873,2.39086,1.68474,2.21004,5.7073,26.1292,1.61874
2.09217,24.8253,2.26441,5.60988,2.73607,1299.12,16.0203,10.5747,48.6821,57.3786,1.12339,8.20083,1.22001,5.04258,2.3036,1.58753,2.55207,6.16849,25.3583,1.52468
2.03275,25.6201,2.51896,4.94169,2.74715,1305.46,14.5954,9.17015,48.6254,60.4267,1.10191,7.49095,0.940589,5.33165,2.28206,1.4421,2.83288,6.34896,25.4472,1.51549
1.91665,25.87,2.58717,4.46996,2.80821,1323.64,13.1742,8.88676,46.1324,62.7966,1.09944,6.87656,0.815769,6.00268,2.33795,1.33788,2.96493,6.34729,26.5267,1.58807
1.76017,25.2387,2.4713,4.38754,2.9193,1353.25,12.4985,10.0158,41.9288,63.3403,1.09172,6.59439,0.816181,6.92495,2.44231,1.33553,2.92405,6.19664,28.2977,1.6923
1.5975,23.7264,2.23408,4.73638,3.05536,1386.28,13.1259,12.0521,37.6598,61.31,1.05751,6.85633,0.845512,7.83563,2.54272,1.41927,2.75723,5.91303,30.2094,1.76082
1.47962,21.675,1.95428,5.40441,3.18405,1410.53,14.9534,14.1738,34.9961,57.0163,1.00119,7.76411,0.836308,8.47415,2.59407,1.51777,2.58267,5.55108,31.7493,1.75064
1.40642,19.5494,1.70507,6.15475,3.29038,1416.29,17.4379,16.2751,35.1803,51.9778,0.940684,9.23625,0.76688,8.71372,2.58958,1.55584,2.56378,5.16015,32.6353,1.68065
1.34088,17.8274,1.53342,6.70679,3.39289,1399.97,19.5404,18.8709,38.4302,48.2679,0.898702,10.9682,0.664694,8.62123,2.56681,1.50007,2.80166,4.82149,32.9592,1.63227
1.26851,16.8564,1.42806,6.86655,3.52025,1365.2,20.2967,22.7376,44.392,47.3487,0.892892,12.5097,0.601772,8.3845,2.57852,1.40421,3.25392,4.64126,33.0098,1.69413
1.20744,16.7321,1.3461,6.64414,3.67724,1323.25,19.4293,28.5148,52.0401,49.0686,0.918024,13.4623,0.659464,8.18572,2.65089,1.358,3.75211,4.68652,33.0254,1.90515
1.1753,17.2928,1.25586,6.20906,3.82822,1288.87,17.4892,35.9726,59.7835,51.7192,0.950649,13.6538,0.874277,8.133,2.77332,1.47208,4.12462,4.87014,33.1162,2.22742
1.16806,18.1714,1.10974,5.79376,3.90883,1273.08,15.7017,43.6809,65.6303,53.2732,0.984278,13.2143,1.21932,8.22987,2.90883,1.86836,4.31298,5.02109,33.3394,2.5665
1.15213,18.9459,0.910404,5.57903,3.86429,1278.13,15.1124,50.5317,68.1408,52.6721,1.06644,12.4684,1.63327,8.41258,3.02095,2.68149,4.35729,5.11276,33.6883,2.83037
1.11972,19.31,0.738915,5.58201,3.68036,1297.83,15.8448,56.0866,67.0908,50.2459,1.26913,11.7379,2.05033,8.6167,3.096,3.93424,4.33405,5.26099,34.1218,2.9828
1.09496,19.1738,0.680958,5.66221,3.38636,1320.68,17.0882,60.7754,63.3701,47.37,1.62088,11.1756,2.40071,8.78678,3.14678,5.47516,4.27529,5.64575,34.5197,3.05033
1.0999,18.6947,0.850176,5.60437,3.03965,1335.27,17.7879,65.6527,58.3851,45.9026,2.0889,10.7512,2.68041,8.83669,3.18571,6.99478,4.14666,6.6177,34.5009,3.07768
1.14251,18.2004,1.32856,5.25273,2.69666,1335.5,17.3682,71.5941,53.2838,47.3444,2.60706,10.3215,2.97038,8.63267,3.20182,8.10586,3.85963,8.66822,33.5,3.08308
1.20884,17.9844,2.11554,4.61468,2.39717,1322.38,15.9957,78.1334,48.5376,51.8863,3.10079,9.80286,3.34086,8.04413,3.16853,8.51164,3.36539,12.0366,31.0525,3.05386
1.26706,18.1488,3.10437,3.87285,2.16066,1301.59,14.512,83.9327,44.1882,58.1985,3.48794,9.28311,3.81438,7.05121,3.06449,8.11826,2.73452,16.4582,27.2203,2.96304
1.28722,18.5624,4.10167,3.31461,1.99118,1280.37,13.7742,87.2864,40.2693,64.1028,3.67394,8.96584,4.32735,5.84041,2.89361,7.07982,2.20441,21.1236,22.8003,2.79888
1.28357,19.0143,4.96945,3.17723,1.89062,1264.2,14.1856,86.7533,37.0808,67.7319,3.59537,8.94786,4.79959,4.73254,2.67842,5.71777,1.99622,25.1052,18.925,2.57133
1.29496,19.3209,5.67029,3.49974,1.86069,1255.24,16.0284,82.3318,34.994,68.3809,3.24831,9.13301,5.28404,4.01613,2.44807,4.39576,2.23459,27.9668,16.5091,2.31886
1.3395,19.4285,6.20207,4.10097,1.89362,1253.05,19.1961,74.7777,34.2963,66.6157,2.6891,9.29127,5.83741,3.83069,2.2319,3.33497,2.91532,29.565,15.8769,2.10239
1.35153,19.4082,6.54888,4.67753,1.95963,1257.04,23.2971,64.8806,34.9723,63.7749,2.05358,9.19291,6.40042,4.08234,2.05321,2.57525,3.88716,29.7087,16.5842,1.95228
1.26798,19.3987,6.61179,4.9536,2.01103,1269.47,27.5547,53.6194,36.7197,61.4025,1.51364,8.7412,6.77205,4.54826,1.93463,2.06668,4.97007,28.1822,17.8574,1.86195
1.09128,19.6179,6.31706,4.78889,2.00749,1294.37,30.9575,41.8016,39.0125,60.6418,1.18749,7.97128,6.72847,4.98291,1.90004,1.73297,5.93736,25.1538,19.0396,1.81857
0.90874,20.2057,5.74454,4.31618,1.93551,1334.27,32.8402,30.9285,41.2431,61.7316,1.12607,7.04883,6.21432,5.24751,1.96317,1.54237,6.5596,21.4713,19.9904,1.82672
0.831099,21.1067,5.05689,3.84761,1.81632,1385.91,32.864,22.7098,42.9137,63.8086,1.24538,6.26319,5.29993,5.33232,2.11093,1.49347,6.69908,17.9357,20.8538,1.90587
0.869817,22.0246,4.39055,3.68688,1.69463,1438.65,30.9505,18.1075,43.4704,65.3892,1.41413,5.92012,4.18271,5.32222,2.30072,1.58851,6.34391,15.0198,21.8408,2.06003
0.985058,22.5831,3.93828,3.95609,1.6065,1476.93,27.4901,18.0428,42.4554,65.3448,1.58181,6.19435,3.17779,5.31937,2.46881,1.82287,5.59167,13.3959,22.9848,2.26158
1.18383,22.5034,3.99884,4.53287,1.56681,1488.12,23.4755,22.8026,39.6875,63.5307,1.74426,7.08923,2.65575,5.35938,2.56017,2.17367,4.7238,14.0661,24.006,2.45289
1.52674,21.7306,4.8545,5.14498,1.57378,1470.57,19.7833,31.6384,35.6709,60.7176,1.86293,8.42431,2.85667,5.40897,2.55368,2.54527,3.97411,17.8807,24.5135,2.57293
1.99372,20.4129,6.4325,5.56881,1.61139,1435.68,17.0038,42.0336,31.5858,57.8737,1.8711,9.90087,3.63961,5.41752,2.47195,2.80459,3.51713,24.2799,24.3769,2.58829
2.46957,18.7389,8.26107,5.78596,1.65946,1400.78,15.4747,50.6813,28.8209,55.8025,1.74122,11.2256,4.58771,5.36581,2.3666,2.84281,3.42418,31.3839,23.8606,2.50634
2.81142,16.8618,9.76542,5.97741,1.69696,1379.7,15.186,54.9241,28.4675,54.8162,1.51071,12.1567,5.2587,5.30642,2.28612,2.65479,3.67357,36.9213,23.5335,2.37044
2.87429,14.8946,10.5595,6.36153,1.7123,1377.4,16.0075,55.1121,30.9423,54.6809,1.26307,12.551,5.51845,5.33385,2.2621,2.34013,4.0805,39.5181,23.9604,2.24809
